prod,dev
"https://broker.endpoints.service-project-us-prod-1a95.cloud.goog?app=drilling-simulator&drillSimFile=https://raw.githubusercontent.com/endeavortechnologies/modulesAndSaves/main/BAKER-DIRECTIONAL-DRILLING-DEMO.dsav, https://broker.endpoints.service-project-us-dev-3f0c.cloud.goog?app=drilling-simulator&drillSimFile=https://raw.githubusercontent.com/endeavortechnologies/modulesAndSaves/main/BAKER-DIRECTIONAL-DRILLING-DEMO.dsav, undefined"
"https://broker.endpoints.service-project-us-prod-1a95.cloud.goog?app=drilling-simulator&drillSimFile=https://raw.githubusercontent.com/endeavortechnologies/modulesAndSaves/main/BAKER-DIRECTIONAL-DRILLING-ENDLESSPIPE.dsav, https://broker.endpoints.service-project-us-dev-3f0c.cloud.goog?app=drilling-simulator&drillSimFile=https://raw.githubusercontent.com/endeavortechnologies/modulesAndSaves/main/BAKER-DIRECTIONAL-DRILLING-ENDLESSPIPE.dsav, undefined"
"https://broker.endpoints.service-project-us-prod-1a95.cloud.goog?app=drilling-simulator&drillSimFile=https://raw.githubusercontent.com/endeavortechnologies/modulesAndSaves/main/BAKER-SHOETRACKDEMO.dsav, https://broker.endpoints.service-project-us-dev-3f0c.cloud.goog?app=drilling-simulator&drillSimFile=https://raw.githubusercontent.com/endeavortechnologies/modulesAndSaves/main/BAKER-SHOETRACKDEMO.dsav, undefined"
"https://broker.endpoints.service-project-us-prod-1a95.cloud.goog?app=drilling-simulator&drillSimFile=https://raw.githubusercontent.com/endeavortechnologies/modulesAndSaves/main/BAKERPACKER_REV2.dsav, https://broker.endpoints.service-project-us-dev-3f0c.cloud.goog?app=drilling-simulator&drillSimFile=https://raw.githubusercontent.com/endeavortechnologies/modulesAndSaves/main/BAKERPACKER_REV2.dsav, undefined"
"https://broker.endpoints.service-project-us-prod-1a95.cloud.goog?app=drilling-simulator&drillSimFile=https://raw.githubusercontent.com/endeavortechnologies/modulesAndSaves/main/BAKER_DD_Course_001A.dsts, https://broker.endpoints.service-project-us-dev-3f0c.cloud.goog?app=drilling-simulator&drillSimFile=https://raw.githubusercontent.com/endeavortechnologies/modulesAndSaves/main/BAKER_DD_Course_001A.dsts, undefined"
"https://broker.endpoints.service-project-us-prod-1a95.cloud.goog?app=drilling-simulator&drillSimFile=https://raw.githubusercontent.com/endeavortechnologies/modulesAndSaves/main/BAKER_DD_Course_001B.dsts, https://broker.endpoints.service-project-us-dev-3f0c.cloud.goog?app=drilling-simulator&drillSimFile=https://raw.githubusercontent.com/endeavortechnologies/modulesAndSaves/main/BAKER_DD_Course_001B.dsts, undefined"
"https://broker.endpoints.service-project-us-prod-1a95.cloud.goog?app=drilling-simulator&drillSimFile=https://raw.githubusercontent.com/endeavortechnologies/modulesAndSaves/main/BAKER_DD_Course_001C.dsts, https://broker.endpoints.service-project-us-dev-3f0c.cloud.goog?app=drilling-simulator&drillSimFile=https://raw.githubusercontent.com/endeavortechnologies/modulesAndSaves/main/BAKER_DD_Course_001C.dsts, undefined"
"https://broker.endpoints.service-project-us-prod-1a95.cloud.goog?app=drilling-simulator&drillSimFile=https://raw.githubusercontent.com/endeavortechnologies/modulesAndSaves/main/BAKER_DD_Course_001D.dsts, https://broker.endpoints.service-project-us-dev-3f0c.cloud.goog?app=drilling-simulator&drillSimFile=https://raw.githubusercontent.com/endeavortechnologies/modulesAndSaves/main/BAKER_DD_Course_001D.dsts, undefined"
"https://broker.endpoints.service-project-us-prod-1a95.cloud.goog?app=drilling-simulator&drillSimFile=https://raw.githubusercontent.com/endeavortechnologies/modulesAndSaves/main/BAKER_DD_Course_002A_1.dsts, https://broker.endpoints.service-project-us-dev-3f0c.cloud.goog?app=drilling-simulator&drillSimFile=https://raw.githubusercontent.com/endeavortechnologies/modulesAndSaves/main/BAKER_DD_Course_002A_1.dsts, undefined"
"https://broker.endpoints.service-project-us-prod-1a95.cloud.goog?app=drilling-simulator&drillSimFile=https://raw.githubusercontent.com/endeavortechnologies/modulesAndSaves/main/BAKER_DD_Course_002A_2.dsts, https://broker.endpoints.service-project-us-dev-3f0c.cloud.goog?app=drilling-simulator&drillSimFile=https://raw.githubusercontent.com/endeavortechnologies/modulesAndSaves/main/BAKER_DD_Course_002A_2.dsts, undefined"
"https://broker.endpoints.service-project-us-prod-1a95.cloud.goog?app=drilling-simulator&drillSimFile=https://raw.githubusercontent.com/endeavortechnologies/modulesAndSaves/main/BAKER_DD_Course_002A_3.dsts, https://broker.endpoints.service-project-us-dev-3f0c.cloud.goog?app=drilling-simulator&drillSimFile=https://raw.githubusercontent.com/endeavortechnologies/modulesAndSaves/main/BAKER_DD_Course_002A_3.dsts, undefined"
"https://broker.endpoints.service-project-us-prod-1a95.cloud.goog?app=drilling-simulator&drillSimFile=https://raw.githubusercontent.com/endeavortechnologies/modulesAndSaves/main/BAKER_DD_Course_002B_1.dsts, https://broker.endpoints.service-project-us-dev-3f0c.cloud.goog?app=drilling-simulator&drillSimFile=https://raw.githubusercontent.com/endeavortechnologies/modulesAndSaves/main/BAKER_DD_Course_002B_1.dsts, undefined"
"https://broker.endpoints.service-project-us-prod-1a95.cloud.goog?app=drilling-simulator&drillSimFile=https://raw.githubusercontent.com/endeavortechnologies/modulesAndSaves/main/BAKER_DD_Course_002B_2.dsts, https://broker.endpoints.service-project-us-dev-3f0c.cloud.goog?app=drilling-simulator&drillSimFile=https://raw.githubusercontent.com/endeavortechnologies/modulesAndSaves/main/BAKER_DD_Course_002B_2.dsts, undefined"
"https://broker.endpoints.service-project-us-prod-1a95.cloud.goog?app=drilling-simulator&drillSimFile=https://raw.githubusercontent.com/endeavortechnologies/modulesAndSaves/main/BAKER_DD_Course_002B_3.dsts, https://broker.endpoints.service-project-us-dev-3f0c.cloud.goog?app=drilling-simulator&drillSimFile=https://raw.githubusercontent.com/endeavortechnologies/modulesAndSaves/main/BAKER_DD_Course_002B_3.dsts, undefined"
"https://broker.endpoints.service-project-us-prod-1a95.cloud.goog?app=drilling-simulator&drillSimFile=https://raw.githubusercontent.com/endeavortechnologies/modulesAndSaves/main/BAKER_DD_Course_002C_1.dsts, https://broker.endpoints.service-project-us-dev-3f0c.cloud.goog?app=drilling-simulator&drillSimFile=https://raw.githubusercontent.com/endeavortechnologies/modulesAndSaves/main/BAKER_DD_Course_002C_1.dsts, undefined"
"https://broker.endpoints.service-project-us-prod-1a95.cloud.goog?app=drilling-simulator&drillSimFile=https://raw.githubusercontent.com/endeavortechnologies/modulesAndSaves/main/BAKER_DD_Course_002C_2.dsts, https://broker.endpoints.service-project-us-dev-3f0c.cloud.goog?app=drilling-simulator&drillSimFile=https://raw.githubusercontent.com/endeavortechnologies/modulesAndSaves/main/BAKER_DD_Course_002C_2.dsts, undefined"
"https://broker.endpoints.service-project-us-prod-1a95.cloud.goog?app=drilling-simulator&drillSimFile=https://raw.githubusercontent.com/endeavortechnologies/modulesAndSaves/main/BAKER_DD_Course_002C_3.dsts, https://broker.endpoints.service-project-us-dev-3f0c.cloud.goog?app=drilling-simulator&drillSimFile=https://raw.githubusercontent.com/endeavortechnologies/modulesAndSaves/main/BAKER_DD_Course_002C_3.dsts, undefined"
"https://broker.endpoints.service-project-us-prod-1a95.cloud.goog?app=drilling-simulator&drillSimFile=https://raw.githubusercontent.com/endeavortechnologies/modulesAndSaves/main/BAKER_DD_Course_002D_1.dsts, https://broker.endpoints.service-project-us-dev-3f0c.cloud.goog?app=drilling-simulator&drillSimFile=https://raw.githubusercontent.com/endeavortechnologies/modulesAndSaves/main/BAKER_DD_Course_002D_1.dsts, undefined"
"https://broker.endpoints.service-project-us-prod-1a95.cloud.goog?app=drilling-simulator&drillSimFile=https://raw.githubusercontent.com/endeavortechnologies/modulesAndSaves/main/BAKER_DD_Course_002D_2.dsts, https://broker.endpoints.service-project-us-dev-3f0c.cloud.goog?app=drilling-simulator&drillSimFile=https://raw.githubusercontent.com/endeavortechnologies/modulesAndSaves/main/BAKER_DD_Course_002D_2.dsts, undefined"
"https://broker.endpoints.service-project-us-prod-1a95.cloud.goog?app=drilling-simulator&drillSimFile=https://raw.githubusercontent.com/endeavortechnologies/modulesAndSaves/main/BAKER_DD_Course_002D_3.dsts, https://broker.endpoints.service-project-us-dev-3f0c.cloud.goog?app=drilling-simulator&drillSimFile=https://raw.githubusercontent.com/endeavortechnologies/modulesAndSaves/main/BAKER_DD_Course_002D_3.dsts, undefined"
"https://broker.endpoints.service-project-us-prod-1a95.cloud.goog?app=drilling-simulator&drillSimFile=https://raw.githubusercontent.com/endeavortechnologies/modulesAndSaves/main/BAKER_DD_Course_003A_1.dsts, https://broker.endpoints.service-project-us-dev-3f0c.cloud.goog?app=drilling-simulator&drillSimFile=https://raw.githubusercontent.com/endeavortechnologies/modulesAndSaves/main/BAKER_DD_Course_003A_1.dsts, undefined"
"https://broker.endpoints.service-project-us-prod-1a95.cloud.goog?app=drilling-simulator&drillSimFile=https://raw.githubusercontent.com/endeavortechnologies/modulesAndSaves/main/BAKER_DD_Course_003A_2.dsts, https://broker.endpoints.service-project-us-dev-3f0c.cloud.goog?app=drilling-simulator&drillSimFile=https://raw.githubusercontent.com/endeavortechnologies/modulesAndSaves/main/BAKER_DD_Course_003A_2.dsts, undefined"
"https://broker.endpoints.service-project-us-prod-1a95.cloud.goog?app=drilling-simulator&drillSimFile=https://raw.githubusercontent.com/endeavortechnologies/modulesAndSaves/main/BAKER_DD_Course_003B_1.dsts, https://broker.endpoints.service-project-us-dev-3f0c.cloud.goog?app=drilling-simulator&drillSimFile=https://raw.githubusercontent.com/endeavortechnologies/modulesAndSaves/main/BAKER_DD_Course_003B_1.dsts, undefined"
"https://broker.endpoints.service-project-us-prod-1a95.cloud.goog?app=drilling-simulator&drillSimFile=https://raw.githubusercontent.com/endeavortechnologies/modulesAndSaves/main/BAKER_DD_Course_003B_2.dsts, https://broker.endpoints.service-project-us-dev-3f0c.cloud.goog?app=drilling-simulator&drillSimFile=https://raw.githubusercontent.com/endeavortechnologies/modulesAndSaves/main/BAKER_DD_Course_003B_2.dsts, undefined"
"https://broker.endpoints.service-project-us-prod-1a95.cloud.goog?app=drilling-simulator&drillSimFile=https://raw.githubusercontent.com/endeavortechnologies/modulesAndSaves/main/BAKER_DD_Course_003C_1.dsts, https://broker.endpoints.service-project-us-dev-3f0c.cloud.goog?app=drilling-simulator&drillSimFile=https://raw.githubusercontent.com/endeavortechnologies/modulesAndSaves/main/BAKER_DD_Course_003C_1.dsts, undefined"
"https://broker.endpoints.service-project-us-prod-1a95.cloud.goog?app=drilling-simulator&drillSimFile=https://raw.githubusercontent.com/endeavortechnologies/modulesAndSaves/main/BAKER_DD_Course_003C_2.dsts, https://broker.endpoints.service-project-us-dev-3f0c.cloud.goog?app=drilling-simulator&drillSimFile=https://raw.githubusercontent.com/endeavortechnologies/modulesAndSaves/main/BAKER_DD_Course_003C_2.dsts, undefined"
"https://broker.endpoints.service-project-us-prod-1a95.cloud.goog?app=drilling-simulator&drillSimFile=https://raw.githubusercontent.com/endeavortechnologies/modulesAndSaves/main/BAKER_DD_Course_003D_1.dsts, https://broker.endpoints.service-project-us-dev-3f0c.cloud.goog?app=drilling-simulator&drillSimFile=https://raw.githubusercontent.com/endeavortechnologies/modulesAndSaves/main/BAKER_DD_Course_003D_1.dsts, undefined"
"https://broker.endpoints.service-project-us-prod-1a95.cloud.goog?app=drilling-simulator&drillSimFile=https://raw.githubusercontent.com/endeavortechnologies/modulesAndSaves/main/BAKER_DD_Course_003D_2.dsts, https://broker.endpoints.service-project-us-dev-3f0c.cloud.goog?app=drilling-simulator&drillSimFile=https://raw.githubusercontent.com/endeavortechnologies/modulesAndSaves/main/BAKER_DD_Course_003D_2.dsts, undefined"
"https://broker.endpoints.service-project-us-prod-1a95.cloud.goog?app=drilling-simulator&drillSimFile=https://raw.githubusercontent.com/endeavortechnologies/modulesAndSaves/main/BAKER_DD_Course_004A_1.dsts, https://broker.endpoints.service-project-us-dev-3f0c.cloud.goog?app=drilling-simulator&drillSimFile=https://raw.githubusercontent.com/endeavortechnologies/modulesAndSaves/main/BAKER_DD_Course_004A_1.dsts, undefined"
"https://broker.endpoints.service-project-us-prod-1a95.cloud.goog?app=drilling-simulator&drillSimFile=https://raw.githubusercontent.com/endeavortechnologies/modulesAndSaves/main/BAKER_DD_Course_004A_2.dsts, https://broker.endpoints.service-project-us-dev-3f0c.cloud.goog?app=drilling-simulator&drillSimFile=https://raw.githubusercontent.com/endeavortechnologies/modulesAndSaves/main/BAKER_DD_Course_004A_2.dsts, undefined"
"https://broker.endpoints.service-project-us-prod-1a95.cloud.goog?app=drilling-simulator&drillSimFile=https://raw.githubusercontent.com/endeavortechnologies/modulesAndSaves/main/BAKER_DD_Course_004A_3.dsts, https://broker.endpoints.service-project-us-dev-3f0c.cloud.goog?app=drilling-simulator&drillSimFile=https://raw.githubusercontent.com/endeavortechnologies/modulesAndSaves/main/BAKER_DD_Course_004A_3.dsts, undefined"
"https://broker.endpoints.service-project-us-prod-1a95.cloud.goog?app=drilling-simulator&drillSimFile=https://raw.githubusercontent.com/endeavortechnologies/modulesAndSaves/main/BAKER_DD_Course_004A_4.dsts, https://broker.endpoints.service-project-us-dev-3f0c.cloud.goog?app=drilling-simulator&drillSimFile=https://raw.githubusercontent.com/endeavortechnologies/modulesAndSaves/main/BAKER_DD_Course_004A_4.dsts, undefined"
"https://broker.endpoints.service-project-us-prod-1a95.cloud.goog?app=drilling-simulator&drillSimFile=https://raw.githubusercontent.com/endeavortechnologies/modulesAndSaves/main/BAKER_DRILLING_BREAK_AND_FLOWCHECK.DSTS, https://broker.endpoints.service-project-us-dev-3f0c.cloud.goog?app=drilling-simulator&drillSimFile=https://raw.githubusercontent.com/endeavortechnologies/modulesAndSaves/main/BAKER_DRILLING_BREAK_AND_FLOWCHECK.DSTS, undefined"
"https://broker.endpoints.service-project-us-prod-1a95.cloud.goog?app=drilling-simulator&drillSimFile=https://raw.githubusercontent.com/endeavortechnologies/modulesAndSaves/main/BAKER_LINERHANGER_1.dsts, https://broker.endpoints.service-project-us-dev-3f0c.cloud.goog?app=drilling-simulator&drillSimFile=https://raw.githubusercontent.com/endeavortechnologies/modulesAndSaves/main/BAKER_LINERHANGER_1.dsts, undefined"
"https://broker.endpoints.service-project-us-prod-1a95.cloud.goog?app=drilling-simulator&drillSimFile=https://raw.githubusercontent.com/endeavortechnologies/modulesAndSaves/main/BAKER_LINERHANGER_2.dsts, https://broker.endpoints.service-project-us-dev-3f0c.cloud.goog?app=drilling-simulator&drillSimFile=https://raw.githubusercontent.com/endeavortechnologies/modulesAndSaves/main/BAKER_LINERHANGER_2.dsts, undefined"
"https://broker.endpoints.service-project-us-prod-1a95.cloud.goog?app=drilling-simulator&drillSimFile=https://raw.githubusercontent.com/endeavortechnologies/modulesAndSaves/main/BAKER_LINERHANGER_3.dsts, https://broker.endpoints.service-project-us-dev-3f0c.cloud.goog?app=drilling-simulator&drillSimFile=https://raw.githubusercontent.com/endeavortechnologies/modulesAndSaves/main/BAKER_LINERHANGER_3.dsts, undefined"
"https://broker.endpoints.service-project-us-prod-1a95.cloud.goog?app=drilling-simulator&drillSimFile=https://raw.githubusercontent.com/endeavortechnologies/modulesAndSaves/main/BAKER_SURFACE_WHIPSTOCK_A.dsts, https://broker.endpoints.service-project-us-dev-3f0c.cloud.goog?app=drilling-simulator&drillSimFile=https://raw.githubusercontent.com/endeavortechnologies/modulesAndSaves/main/BAKER_SURFACE_WHIPSTOCK_A.dsts, undefined"
"https://broker.endpoints.service-project-us-prod-1a95.cloud.goog?app=drilling-simulator&drillSimFile=https://raw.githubusercontent.com/endeavortechnologies/modulesAndSaves/main/BAKER_UPPERCOMPLETION.dsts, https://broker.endpoints.service-project-us-dev-3f0c.cloud.goog?app=drilling-simulator&drillSimFile=https://raw.githubusercontent.com/endeavortechnologies/modulesAndSaves/main/BAKER_UPPERCOMPLETION.dsts, undefined"
"https://broker.endpoints.service-project-us-prod-1a95.cloud.goog?app=drilling-simulator&drillSimFile=https://raw.githubusercontent.com/endeavortechnologies/modulesAndSaves/main/BAKER_WIRELINE_WELL_01.DSTS, https://broker.endpoints.service-project-us-dev-3f0c.cloud.goog?app=drilling-simulator&drillSimFile=https://raw.githubusercontent.com/endeavortechnologies/modulesAndSaves/main/BAKER_WIRELINE_WELL_01.DSTS, undefined"
"https://broker.endpoints.service-project-us-prod-1a95.cloud.goog?app=drilling-simulator&drillSimFile=https://raw.githubusercontent.com/endeavortechnologies/modulesAndSaves/main/BAKER_WIRELINE_WELL_01_TOOLSCOMBINED(1329XA).DSTS, https://broker.endpoints.service-project-us-dev-3f0c.cloud.goog?app=drilling-simulator&drillSimFile=https://raw.githubusercontent.com/endeavortechnologies/modulesAndSaves/main/BAKER_WIRELINE_WELL_01_TOOLSCOMBINED(1329XA).DSTS, undefined"
"https://broker.endpoints.service-project-us-prod-1a95.cloud.goog?app=drilling-simulator&drillSimFile=https://raw.githubusercontent.com/endeavortechnologies/modulesAndSaves/main/BAKER_WIRELINE_WELL_01_WITH STRING.DSTS, https://broker.endpoints.service-project-us-dev-3f0c.cloud.goog?app=drilling-simulator&drillSimFile=https://raw.githubusercontent.com/endeavortechnologies/modulesAndSaves/main/BAKER_WIRELINE_WELL_01_WITH STRING.DSTS, undefined"
"https://broker.endpoints.service-project-us-prod-1a95.cloud.goog?app=drilling-simulator&drillSimFile=https://raw.githubusercontent.com/endeavortechnologies/modulesAndSaves/main/BAKER_WIRELINE_WELL_02.DSTS, https://broker.endpoints.service-project-us-dev-3f0c.cloud.goog?app=drilling-simulator&drillSimFile=https://raw.githubusercontent.com/endeavortechnologies/modulesAndSaves/main/BAKER_WIRELINE_WELL_02.DSTS, undefined"
"https://broker.endpoints.service-project-us-prod-1a95.cloud.goog?app=drilling-simulator&drillSimFile=https://raw.githubusercontent.com/endeavortechnologies/modulesAndSaves/main/BAKER_WIRELINE_WELL_02_WITH STRING.DSTS, https://broker.endpoints.service-project-us-dev-3f0c.cloud.goog?app=drilling-simulator&drillSimFile=https://raw.githubusercontent.com/endeavortechnologies/modulesAndSaves/main/BAKER_WIRELINE_WELL_02_WITH STRING.DSTS, undefined"
"https://broker.endpoints.service-project-us-prod-1a95.cloud.goog?app=drilling-simulator&drillSimFile=https://raw.githubusercontent.com/endeavortechnologies/modulesAndSaves/main/BAKER_WIRELINE_WELL_03.DSTS, https://broker.endpoints.service-project-us-dev-3f0c.cloud.goog?app=drilling-simulator&drillSimFile=https://raw.githubusercontent.com/endeavortechnologies/modulesAndSaves/main/BAKER_WIRELINE_WELL_03.DSTS, undefined"
"https://broker.endpoints.service-project-us-prod-1a95.cloud.goog?app=drilling-simulator&drillSimFile=https://raw.githubusercontent.com/endeavortechnologies/modulesAndSaves/main/BAKER_WIRELINE_WELL_03_WITH STRING.DSTS, https://broker.endpoints.service-project-us-dev-3f0c.cloud.goog?app=drilling-simulator&drillSimFile=https://raw.githubusercontent.com/endeavortechnologies/modulesAndSaves/main/BAKER_WIRELINE_WELL_03_WITH STRING.DSTS, undefined"
"https://broker.endpoints.service-project-us-prod-1a95.cloud.goog?app=drilling-simulator&drillSimFile=https://raw.githubusercontent.com/endeavortechnologies/modulesAndSaves/main/BAKER_WIRELINE_WELL_04.DSTS, https://broker.endpoints.service-project-us-dev-3f0c.cloud.goog?app=drilling-simulator&drillSimFile=https://raw.githubusercontent.com/endeavortechnologies/modulesAndSaves/main/BAKER_WIRELINE_WELL_04.DSTS, undefined"
"https://broker.endpoints.service-project-us-prod-1a95.cloud.goog?app=drilling-simulator&drillSimFile=https://raw.githubusercontent.com/endeavortechnologies/modulesAndSaves/main/BAKER_WIRELINE_WELL_04_WITH STRING.DSTS, https://broker.endpoints.service-project-us-dev-3f0c.cloud.goog?app=drilling-simulator&drillSimFile=https://raw.githubusercontent.com/endeavortechnologies/modulesAndSaves/main/BAKER_WIRELINE_WELL_04_WITH STRING.DSTS, undefined"
"https://broker.endpoints.service-project-us-prod-1a95.cloud.goog?app=drilling-simulator&drillSimFile=https://raw.githubusercontent.com/endeavortechnologies/modulesAndSaves/main/BAKER_WIRELINE_WELL_05.DSTS, https://broker.endpoints.service-project-us-dev-3f0c.cloud.goog?app=drilling-simulator&drillSimFile=https://raw.githubusercontent.com/endeavortechnologies/modulesAndSaves/main/BAKER_WIRELINE_WELL_05.DSTS, undefined"
"https://broker.endpoints.service-project-us-prod-1a95.cloud.goog?app=drilling-simulator&drillSimFile=https://raw.githubusercontent.com/endeavortechnologies/modulesAndSaves/main/BAKER_WIRELINE_WELL_05_WITH STRING.DSTS, https://broker.endpoints.service-project-us-dev-3f0c.cloud.goog?app=drilling-simulator&drillSimFile=https://raw.githubusercontent.com/endeavortechnologies/modulesAndSaves/main/BAKER_WIRELINE_WELL_05_WITH STRING.DSTS, undefined"
"https://broker.endpoints.service-project-us-prod-1a95.cloud.goog?app=drilling-simulator&drillSimFile=https://raw.githubusercontent.com/endeavortechnologies/modulesAndSaves/main/BAKER_WIRELINE_WELL_06.DSTS, https://broker.endpoints.service-project-us-dev-3f0c.cloud.goog?app=drilling-simulator&drillSimFile=https://raw.githubusercontent.com/endeavortechnologies/modulesAndSaves/main/BAKER_WIRELINE_WELL_06.DSTS, undefined"
"https://broker.endpoints.service-project-us-prod-1a95.cloud.goog?app=drilling-simulator&drillSimFile=https://raw.githubusercontent.com/endeavortechnologies/modulesAndSaves/main/BAKER_WIRELINE_WELL_06_WITH STRING.DSTS, https://broker.endpoints.service-project-us-dev-3f0c.cloud.goog?app=drilling-simulator&drillSimFile=https://raw.githubusercontent.com/endeavortechnologies/modulesAndSaves/main/BAKER_WIRELINE_WELL_06_WITH STRING.DSTS, undefined"
"https://broker.endpoints.service-project-us-prod-1a95.cloud.goog?app=drilling-simulator&drillSimFile=https://raw.githubusercontent.com/endeavortechnologies/modulesAndSaves/main/BAKER_WIRELINE_WELL_07.DSTS, https://broker.endpoints.service-project-us-dev-3f0c.cloud.goog?app=drilling-simulator&drillSimFile=https://raw.githubusercontent.com/endeavortechnologies/modulesAndSaves/main/BAKER_WIRELINE_WELL_07.DSTS, undefined"
"https://broker.endpoints.service-project-us-prod-1a95.cloud.goog?app=drilling-simulator&drillSimFile=https://raw.githubusercontent.com/endeavortechnologies/modulesAndSaves/main/BAKER_WIRELINE_WELL_07_WITH STRING.DSTS, https://broker.endpoints.service-project-us-dev-3f0c.cloud.goog?app=drilling-simulator&drillSimFile=https://raw.githubusercontent.com/endeavortechnologies/modulesAndSaves/main/BAKER_WIRELINE_WELL_07_WITH STRING.DSTS, undefined"
"https://broker.endpoints.service-project-us-prod-1a95.cloud.goog?app=drilling-simulator&drillSimFile=https://raw.githubusercontent.com/endeavortechnologies/modulesAndSaves/main/BAKER_WIRELINE_WELL_08.DSTS, https://broker.endpoints.service-project-us-dev-3f0c.cloud.goog?app=drilling-simulator&drillSimFile=https://raw.githubusercontent.com/endeavortechnologies/modulesAndSaves/main/BAKER_WIRELINE_WELL_08.DSTS, undefined"
"https://broker.endpoints.service-project-us-prod-1a95.cloud.goog?app=drilling-simulator&drillSimFile=https://raw.githubusercontent.com/endeavortechnologies/modulesAndSaves/main/BAKER_WIRELINE_WELL_08_WITH STRING.DSTS, https://broker.endpoints.service-project-us-dev-3f0c.cloud.goog?app=drilling-simulator&drillSimFile=https://raw.githubusercontent.com/endeavortechnologies/modulesAndSaves/main/BAKER_WIRELINE_WELL_08_WITH STRING.DSTS, undefined"
"https://broker.endpoints.service-project-us-prod-1a95.cloud.goog?app=drilling-simulator&drillSimFile=https://raw.githubusercontent.com/endeavortechnologies/modulesAndSaves/main/BAKER_WIRELINE_WELL_09.DSTS, https://broker.endpoints.service-project-us-dev-3f0c.cloud.goog?app=drilling-simulator&drillSimFile=https://raw.githubusercontent.com/endeavortechnologies/modulesAndSaves/main/BAKER_WIRELINE_WELL_09.DSTS, undefined"
"https://broker.endpoints.service-project-us-prod-1a95.cloud.goog?app=drilling-simulator&drillSimFile=https://raw.githubusercontent.com/endeavortechnologies/modulesAndSaves/main/BAKER_WIRELINE_WELL_09_WITH STRING.DSTS, https://broker.endpoints.service-project-us-dev-3f0c.cloud.goog?app=drilling-simulator&drillSimFile=https://raw.githubusercontent.com/endeavortechnologies/modulesAndSaves/main/BAKER_WIRELINE_WELL_09_WITH STRING.DSTS, undefined"
"https://broker.endpoints.service-project-us-prod-1a95.cloud.goog?app=drilling-simulator&drillSimFile=https://raw.githubusercontent.com/endeavortechnologies/modulesAndSaves/main/BAKER_WIRELINE_WELL_10.DSTS, https://broker.endpoints.service-project-us-dev-3f0c.cloud.goog?app=drilling-simulator&drillSimFile=https://raw.githubusercontent.com/endeavortechnologies/modulesAndSaves/main/BAKER_WIRELINE_WELL_10.DSTS, undefined"
"https://broker.endpoints.service-project-us-prod-1a95.cloud.goog?app=drilling-simulator&drillSimFile=https://raw.githubusercontent.com/endeavortechnologies/modulesAndSaves/main/BAKER_WIRELINE_WELL_10_WITH STRING.DSTS, https://broker.endpoints.service-project-us-dev-3f0c.cloud.goog?app=drilling-simulator&drillSimFile=https://raw.githubusercontent.com/endeavortechnologies/modulesAndSaves/main/BAKER_WIRELINE_WELL_10_WITH STRING.DSTS, undefined"
"https://broker.endpoints.service-project-us-prod-1a95.cloud.goog?app=drilling-simulator&drillSimFile=https://raw.githubusercontent.com/endeavortechnologies/modulesAndSaves/main/BAKER_WIRELINE_WELL_11.DSTS, https://broker.endpoints.service-project-us-dev-3f0c.cloud.goog?app=drilling-simulator&drillSimFile=https://raw.githubusercontent.com/endeavortechnologies/modulesAndSaves/main/BAKER_WIRELINE_WELL_11.DSTS, undefined"
"https://broker.endpoints.service-project-us-prod-1a95.cloud.goog?app=drilling-simulator&drillSimFile=https://raw.githubusercontent.com/endeavortechnologies/modulesAndSaves/main/BAKER_WIRELINE_WELL_11_WITH STRING.DSTS, https://broker.endpoints.service-project-us-dev-3f0c.cloud.goog?app=drilling-simulator&drillSimFile=https://raw.githubusercontent.com/endeavortechnologies/modulesAndSaves/main/BAKER_WIRELINE_WELL_11_WITH STRING.DSTS, undefined"
"https://broker.endpoints.service-project-us-prod-1a95.cloud.goog?app=drilling-simulator&drillSimFile=https://raw.githubusercontent.com/endeavortechnologies/modulesAndSaves/main/BP_DRILL_SS_WC_03_DRILLING-AHEAD.dsav, https://broker.endpoints.service-project-us-dev-3f0c.cloud.goog?app=drilling-simulator&drillSimFile=https://raw.githubusercontent.com/endeavortechnologies/modulesAndSaves/main/BP_DRILL_SS_WC_03_DRILLING-AHEAD.dsav, undefined"
"https://broker.endpoints.service-project-us-prod-1a95.cloud.goog?app=drilling-simulator&drillSimFile=https://raw.githubusercontent.com/endeavortechnologies/modulesAndSaves/main/BP_DRILL_SS_WC_03_PREPARE-TO-DRILL.dsav, https://broker.endpoints.service-project-us-dev-3f0c.cloud.goog?app=drilling-simulator&drillSimFile=https://raw.githubusercontent.com/endeavortechnologies/modulesAndSaves/main/BP_DRILL_SS_WC_03_PREPARE-TO-DRILL.dsav, undefined"
"https://broker.endpoints.service-project-us-prod-1a95.cloud.goog?app=drilling-simulator&drillSimFile=https://raw.githubusercontent.com/endeavortechnologies/modulesAndSaves/main/BP_DRIL_SS_WC_DM_03_INCIDENT1.dsav, https://broker.endpoints.service-project-us-dev-3f0c.cloud.goog?app=drilling-simulator&drillSimFile=https://raw.githubusercontent.com/endeavortechnologies/modulesAndSaves/main/BP_DRIL_SS_WC_DM_03_INCIDENT1.dsav, undefined"
"https://broker.endpoints.service-project-us-prod-1a95.cloud.goog?app=drilling-simulator&drillSimFile=https://raw.githubusercontent.com/endeavortechnologies/modulesAndSaves/main/BP_DRIL_SS_WC_DM_03_INCIDENT2.dsav, https://broker.endpoints.service-project-us-dev-3f0c.cloud.goog?app=drilling-simulator&drillSimFile=https://raw.githubusercontent.com/endeavortechnologies/modulesAndSaves/main/BP_DRIL_SS_WC_DM_03_INCIDENT2.dsav, undefined"
"https://broker.endpoints.service-project-us-prod-1a95.cloud.goog?app=drilling-simulator&drillSimFile=https://raw.githubusercontent.com/endeavortechnologies/modulesAndSaves/main/BP_DRIL_SS_WC_DM_03_REMOVEINFLUX.dsav, https://broker.endpoints.service-project-us-dev-3f0c.cloud.goog?app=drilling-simulator&drillSimFile=https://raw.githubusercontent.com/endeavortechnologies/modulesAndSaves/main/BP_DRIL_SS_WC_DM_03_REMOVEINFLUX.dsav, undefined"
"https://broker.endpoints.service-project-us-prod-1a95.cloud.goog?app=drilling-simulator&drillSimFile=https://raw.githubusercontent.com/endeavortechnologies/modulesAndSaves/main/BP_DRIL_SS_WC_DM_03_REMOVEINFLUX_INCIDENT.dsav, https://broker.endpoints.service-project-us-dev-3f0c.cloud.goog?app=drilling-simulator&drillSimFile=https://raw.githubusercontent.com/endeavortechnologies/modulesAndSaves/main/BP_DRIL_SS_WC_DM_03_REMOVEINFLUX_INCIDENT.dsav, undefined"
"https://broker.endpoints.service-project-us-prod-1a95.cloud.goog?app=drilling-simulator&drillSimFile=https://raw.githubusercontent.com/endeavortechnologies/modulesAndSaves/main/BP_DRIL_SS_WC_DM_03_SHUT_DOWN.dsav, https://broker.endpoints.service-project-us-dev-3f0c.cloud.goog?app=drilling-simulator&drillSimFile=https://raw.githubusercontent.com/endeavortechnologies/modulesAndSaves/main/BP_DRIL_SS_WC_DM_03_SHUT_DOWN.dsav, undefined"
"https://broker.endpoints.service-project-us-prod-1a95.cloud.goog?app=drilling-simulator&drillSimFile=https://raw.githubusercontent.com/endeavortechnologies/modulesAndSaves/main/BP_DRIL_SS_WC_DM_03_STARTUP.dsav, https://broker.endpoints.service-project-us-dev-3f0c.cloud.goog?app=drilling-simulator&drillSimFile=https://raw.githubusercontent.com/endeavortechnologies/modulesAndSaves/main/BP_DRIL_SS_WC_DM_03_STARTUP.dsav, undefined"
"https://broker.endpoints.service-project-us-prod-1a95.cloud.goog?app=drilling-simulator&drillSimFile=https://raw.githubusercontent.com/endeavortechnologies/modulesAndSaves/main/BP_DRIL_SS_WC_DM_04_INCIDENT1.dsav, https://broker.endpoints.service-project-us-dev-3f0c.cloud.goog?app=drilling-simulator&drillSimFile=https://raw.githubusercontent.com/endeavortechnologies/modulesAndSaves/main/BP_DRIL_SS_WC_DM_04_INCIDENT1.dsav, undefined"
"https://broker.endpoints.service-project-us-prod-1a95.cloud.goog?app=drilling-simulator&drillSimFile=https://raw.githubusercontent.com/endeavortechnologies/modulesAndSaves/main/BP_DRIL_SS_WC_DM_04_INCIDENT2.dsav, https://broker.endpoints.service-project-us-dev-3f0c.cloud.goog?app=drilling-simulator&drillSimFile=https://raw.githubusercontent.com/endeavortechnologies/modulesAndSaves/main/BP_DRIL_SS_WC_DM_04_INCIDENT2.dsav, undefined"
"https://broker.endpoints.service-project-us-prod-1a95.cloud.goog?app=drilling-simulator&drillSimFile=https://raw.githubusercontent.com/endeavortechnologies/modulesAndSaves/main/BP_DRIL_SS_WC_DM_04_REMOVEINFLUX.dsav, https://broker.endpoints.service-project-us-dev-3f0c.cloud.goog?app=drilling-simulator&drillSimFile=https://raw.githubusercontent.com/endeavortechnologies/modulesAndSaves/main/BP_DRIL_SS_WC_DM_04_REMOVEINFLUX.dsav, undefined"
"https://broker.endpoints.service-project-us-prod-1a95.cloud.goog?app=drilling-simulator&drillSimFile=https://raw.githubusercontent.com/endeavortechnologies/modulesAndSaves/main/BP_DRIL_SS_WC_DM_04_REMOVEINFLUX_INCIDENT.dsav, https://broker.endpoints.service-project-us-dev-3f0c.cloud.goog?app=drilling-simulator&drillSimFile=https://raw.githubusercontent.com/endeavortechnologies/modulesAndSaves/main/BP_DRIL_SS_WC_DM_04_REMOVEINFLUX_INCIDENT.dsav, undefined"
"https://broker.endpoints.service-project-us-prod-1a95.cloud.goog?app=drilling-simulator&drillSimFile=https://raw.githubusercontent.com/endeavortechnologies/modulesAndSaves/main/BP_DRIL_SS_WC_DM_04_SHUT_DOWN.dsav, https://broker.endpoints.service-project-us-dev-3f0c.cloud.goog?app=drilling-simulator&drillSimFile=https://raw.githubusercontent.com/endeavortechnologies/modulesAndSaves/main/BP_DRIL_SS_WC_DM_04_SHUT_DOWN.dsav, undefined"
"https://broker.endpoints.service-project-us-prod-1a95.cloud.goog?app=drilling-simulator&drillSimFile=https://raw.githubusercontent.com/endeavortechnologies/modulesAndSaves/main/BP_DRIL_SS_WC_DM_04_STARTUP.dsav, https://broker.endpoints.service-project-us-dev-3f0c.cloud.goog?app=drilling-simulator&drillSimFile=https://raw.githubusercontent.com/endeavortechnologies/modulesAndSaves/main/BP_DRIL_SS_WC_DM_04_STARTUP.dsav, undefined"
"https://broker.endpoints.service-project-us-prod-1a95.cloud.goog?app=drilling-simulator&drillSimFile=https://raw.githubusercontent.com/endeavortechnologies/modulesAndSaves/main/CLF_SIMULATION_2_KREW.dsav, https://broker.endpoints.service-project-us-dev-3f0c.cloud.goog?app=drilling-simulator&drillSimFile=https://raw.githubusercontent.com/endeavortechnologies/modulesAndSaves/main/CLF_SIMULATION_2_KREW.dsav, undefined"
"https://broker.endpoints.service-project-us-prod-1a95.cloud.goog?app=drilling-simulator&drillSimFile=https://raw.githubusercontent.com/endeavortechnologies/modulesAndSaves/main/CLF_SIMULATION_3_KREW.dsav, https://broker.endpoints.service-project-us-dev-3f0c.cloud.goog?app=drilling-simulator&drillSimFile=https://raw.githubusercontent.com/endeavortechnologies/modulesAndSaves/main/CLF_SIMULATION_3_KREW.dsav, undefined"
"https://broker.endpoints.service-project-us-prod-1a95.cloud.goog?app=drilling-simulator&drillSimFile=https://raw.githubusercontent.com/endeavortechnologies/modulesAndSaves/main/DD_Course_001A.dsts, https://broker.endpoints.service-project-us-dev-3f0c.cloud.goog?app=drilling-simulator&drillSimFile=https://raw.githubusercontent.com/endeavortechnologies/modulesAndSaves/main/DD_Course_001A.dsts, undefined"
"https://broker.endpoints.service-project-us-prod-1a95.cloud.goog?app=drilling-simulator&drillSimFile=https://raw.githubusercontent.com/endeavortechnologies/modulesAndSaves/main/DD_Course_001B.dsts, https://broker.endpoints.service-project-us-dev-3f0c.cloud.goog?app=drilling-simulator&drillSimFile=https://raw.githubusercontent.com/endeavortechnologies/modulesAndSaves/main/DD_Course_001B.dsts, undefined"
"https://broker.endpoints.service-project-us-prod-1a95.cloud.goog?app=drilling-simulator&drillSimFile=https://raw.githubusercontent.com/endeavortechnologies/modulesAndSaves/main/DD_Course_001C.dsts, https://broker.endpoints.service-project-us-dev-3f0c.cloud.goog?app=drilling-simulator&drillSimFile=https://raw.githubusercontent.com/endeavortechnologies/modulesAndSaves/main/DD_Course_001C.dsts, undefined"
"https://broker.endpoints.service-project-us-prod-1a95.cloud.goog?app=drilling-simulator&drillSimFile=https://raw.githubusercontent.com/endeavortechnologies/modulesAndSaves/main/DD_Course_001D.dsts, https://broker.endpoints.service-project-us-dev-3f0c.cloud.goog?app=drilling-simulator&drillSimFile=https://raw.githubusercontent.com/endeavortechnologies/modulesAndSaves/main/DD_Course_001D.dsts, undefined"
"https://broker.endpoints.service-project-us-prod-1a95.cloud.goog?app=drilling-simulator&drillSimFile=https://raw.githubusercontent.com/endeavortechnologies/modulesAndSaves/main/DD_Course_002A_1.dsts, https://broker.endpoints.service-project-us-dev-3f0c.cloud.goog?app=drilling-simulator&drillSimFile=https://raw.githubusercontent.com/endeavortechnologies/modulesAndSaves/main/DD_Course_002A_1.dsts, undefined"
"https://broker.endpoints.service-project-us-prod-1a95.cloud.goog?app=drilling-simulator&drillSimFile=https://raw.githubusercontent.com/endeavortechnologies/modulesAndSaves/main/DD_Course_002A_2.dsts, https://broker.endpoints.service-project-us-dev-3f0c.cloud.goog?app=drilling-simulator&drillSimFile=https://raw.githubusercontent.com/endeavortechnologies/modulesAndSaves/main/DD_Course_002A_2.dsts, undefined"
"https://broker.endpoints.service-project-us-prod-1a95.cloud.goog?app=drilling-simulator&drillSimFile=https://raw.githubusercontent.com/endeavortechnologies/modulesAndSaves/main/DD_Course_002A_3.dsts, https://broker.endpoints.service-project-us-dev-3f0c.cloud.goog?app=drilling-simulator&drillSimFile=https://raw.githubusercontent.com/endeavortechnologies/modulesAndSaves/main/DD_Course_002A_3.dsts, undefined"
"https://broker.endpoints.service-project-us-prod-1a95.cloud.goog?app=drilling-simulator&drillSimFile=https://raw.githubusercontent.com/endeavortechnologies/modulesAndSaves/main/DD_Course_002B_1.dsts, https://broker.endpoints.service-project-us-dev-3f0c.cloud.goog?app=drilling-simulator&drillSimFile=https://raw.githubusercontent.com/endeavortechnologies/modulesAndSaves/main/DD_Course_002B_1.dsts, undefined"
"https://broker.endpoints.service-project-us-prod-1a95.cloud.goog?app=drilling-simulator&drillSimFile=https://raw.githubusercontent.com/endeavortechnologies/modulesAndSaves/main/DD_Course_002B_2.dsts, https://broker.endpoints.service-project-us-dev-3f0c.cloud.goog?app=drilling-simulator&drillSimFile=https://raw.githubusercontent.com/endeavortechnologies/modulesAndSaves/main/DD_Course_002B_2.dsts, undefined"
"https://broker.endpoints.service-project-us-prod-1a95.cloud.goog?app=drilling-simulator&drillSimFile=https://raw.githubusercontent.com/endeavortechnologies/modulesAndSaves/main/DD_Course_002B_3.dsts, https://broker.endpoints.service-project-us-dev-3f0c.cloud.goog?app=drilling-simulator&drillSimFile=https://raw.githubusercontent.com/endeavortechnologies/modulesAndSaves/main/DD_Course_002B_3.dsts, undefined"
"https://broker.endpoints.service-project-us-prod-1a95.cloud.goog?app=drilling-simulator&drillSimFile=https://raw.githubusercontent.com/endeavortechnologies/modulesAndSaves/main/DD_Course_002C_1.dsts, https://broker.endpoints.service-project-us-dev-3f0c.cloud.goog?app=drilling-simulator&drillSimFile=https://raw.githubusercontent.com/endeavortechnologies/modulesAndSaves/main/DD_Course_002C_1.dsts, undefined"
"https://broker.endpoints.service-project-us-prod-1a95.cloud.goog?app=drilling-simulator&drillSimFile=https://raw.githubusercontent.com/endeavortechnologies/modulesAndSaves/main/DD_Course_002C_2.dsts, https://broker.endpoints.service-project-us-dev-3f0c.cloud.goog?app=drilling-simulator&drillSimFile=https://raw.githubusercontent.com/endeavortechnologies/modulesAndSaves/main/DD_Course_002C_2.dsts, undefined"
"https://broker.endpoints.service-project-us-prod-1a95.cloud.goog?app=drilling-simulator&drillSimFile=https://raw.githubusercontent.com/endeavortechnologies/modulesAndSaves/main/DD_Course_002C_3.dsts, https://broker.endpoints.service-project-us-dev-3f0c.cloud.goog?app=drilling-simulator&drillSimFile=https://raw.githubusercontent.com/endeavortechnologies/modulesAndSaves/main/DD_Course_002C_3.dsts, undefined"
"https://broker.endpoints.service-project-us-prod-1a95.cloud.goog?app=drilling-simulator&drillSimFile=https://raw.githubusercontent.com/endeavortechnologies/modulesAndSaves/main/DD_Course_002D_1.dsts, https://broker.endpoints.service-project-us-dev-3f0c.cloud.goog?app=drilling-simulator&drillSimFile=https://raw.githubusercontent.com/endeavortechnologies/modulesAndSaves/main/DD_Course_002D_1.dsts, undefined"
"https://broker.endpoints.service-project-us-prod-1a95.cloud.goog?app=drilling-simulator&drillSimFile=https://raw.githubusercontent.com/endeavortechnologies/modulesAndSaves/main/DD_Course_002D_2.dsts, https://broker.endpoints.service-project-us-dev-3f0c.cloud.goog?app=drilling-simulator&drillSimFile=https://raw.githubusercontent.com/endeavortechnologies/modulesAndSaves/main/DD_Course_002D_2.dsts, undefined"
"https://broker.endpoints.service-project-us-prod-1a95.cloud.goog?app=drilling-simulator&drillSimFile=https://raw.githubusercontent.com/endeavortechnologies/modulesAndSaves/main/DD_Course_002D_3.dsts, https://broker.endpoints.service-project-us-dev-3f0c.cloud.goog?app=drilling-simulator&drillSimFile=https://raw.githubusercontent.com/endeavortechnologies/modulesAndSaves/main/DD_Course_002D_3.dsts, undefined"
"https://broker.endpoints.service-project-us-prod-1a95.cloud.goog?app=drilling-simulator&drillSimFile=https://raw.githubusercontent.com/endeavortechnologies/modulesAndSaves/main/DD_Course_003A_1.dsts, https://broker.endpoints.service-project-us-dev-3f0c.cloud.goog?app=drilling-simulator&drillSimFile=https://raw.githubusercontent.com/endeavortechnologies/modulesAndSaves/main/DD_Course_003A_1.dsts, undefined"
"https://broker.endpoints.service-project-us-prod-1a95.cloud.goog?app=drilling-simulator&drillSimFile=https://raw.githubusercontent.com/endeavortechnologies/modulesAndSaves/main/DD_Course_003A_2.dsts, https://broker.endpoints.service-project-us-dev-3f0c.cloud.goog?app=drilling-simulator&drillSimFile=https://raw.githubusercontent.com/endeavortechnologies/modulesAndSaves/main/DD_Course_003A_2.dsts, undefined"
"https://broker.endpoints.service-project-us-prod-1a95.cloud.goog?app=drilling-simulator&drillSimFile=https://raw.githubusercontent.com/endeavortechnologies/modulesAndSaves/main/DD_Course_003B_1.dsts, https://broker.endpoints.service-project-us-dev-3f0c.cloud.goog?app=drilling-simulator&drillSimFile=https://raw.githubusercontent.com/endeavortechnologies/modulesAndSaves/main/DD_Course_003B_1.dsts, undefined"
"https://broker.endpoints.service-project-us-prod-1a95.cloud.goog?app=drilling-simulator&drillSimFile=https://raw.githubusercontent.com/endeavortechnologies/modulesAndSaves/main/DD_Course_003B_2.dsts, https://broker.endpoints.service-project-us-dev-3f0c.cloud.goog?app=drilling-simulator&drillSimFile=https://raw.githubusercontent.com/endeavortechnologies/modulesAndSaves/main/DD_Course_003B_2.dsts, undefined"
"https://broker.endpoints.service-project-us-prod-1a95.cloud.goog?app=drilling-simulator&drillSimFile=https://raw.githubusercontent.com/endeavortechnologies/modulesAndSaves/main/DD_Course_003C_1.dsts, https://broker.endpoints.service-project-us-dev-3f0c.cloud.goog?app=drilling-simulator&drillSimFile=https://raw.githubusercontent.com/endeavortechnologies/modulesAndSaves/main/DD_Course_003C_1.dsts, undefined"
"https://broker.endpoints.service-project-us-prod-1a95.cloud.goog?app=drilling-simulator&drillSimFile=https://raw.githubusercontent.com/endeavortechnologies/modulesAndSaves/main/DD_Course_003C_2.dsts, https://broker.endpoints.service-project-us-dev-3f0c.cloud.goog?app=drilling-simulator&drillSimFile=https://raw.githubusercontent.com/endeavortechnologies/modulesAndSaves/main/DD_Course_003C_2.dsts, undefined"
"https://broker.endpoints.service-project-us-prod-1a95.cloud.goog?app=drilling-simulator&drillSimFile=https://raw.githubusercontent.com/endeavortechnologies/modulesAndSaves/main/DD_Course_003D_1.dsts, https://broker.endpoints.service-project-us-dev-3f0c.cloud.goog?app=drilling-simulator&drillSimFile=https://raw.githubusercontent.com/endeavortechnologies/modulesAndSaves/main/DD_Course_003D_1.dsts, undefined"
"https://broker.endpoints.service-project-us-prod-1a95.cloud.goog?app=drilling-simulator&drillSimFile=https://raw.githubusercontent.com/endeavortechnologies/modulesAndSaves/main/DD_Course_003D_2.dsts, https://broker.endpoints.service-project-us-dev-3f0c.cloud.goog?app=drilling-simulator&drillSimFile=https://raw.githubusercontent.com/endeavortechnologies/modulesAndSaves/main/DD_Course_003D_2.dsts, undefined"
"https://broker.endpoints.service-project-us-prod-1a95.cloud.goog?app=drilling-simulator&drillSimFile=https://raw.githubusercontent.com/endeavortechnologies/modulesAndSaves/main/DD_Course_004A_1.dsts, https://broker.endpoints.service-project-us-dev-3f0c.cloud.goog?app=drilling-simulator&drillSimFile=https://raw.githubusercontent.com/endeavortechnologies/modulesAndSaves/main/DD_Course_004A_1.dsts, undefined"
"https://broker.endpoints.service-project-us-prod-1a95.cloud.goog?app=drilling-simulator&drillSimFile=https://raw.githubusercontent.com/endeavortechnologies/modulesAndSaves/main/DD_Course_004A_2.dsts, https://broker.endpoints.service-project-us-dev-3f0c.cloud.goog?app=drilling-simulator&drillSimFile=https://raw.githubusercontent.com/endeavortechnologies/modulesAndSaves/main/DD_Course_004A_2.dsts, undefined"
"https://broker.endpoints.service-project-us-prod-1a95.cloud.goog?app=drilling-simulator&drillSimFile=https://raw.githubusercontent.com/endeavortechnologies/modulesAndSaves/main/DD_Course_004A_3.dsts, https://broker.endpoints.service-project-us-dev-3f0c.cloud.goog?app=drilling-simulator&drillSimFile=https://raw.githubusercontent.com/endeavortechnologies/modulesAndSaves/main/DD_Course_004A_3.dsts, undefined"
"https://broker.endpoints.service-project-us-prod-1a95.cloud.goog?app=drilling-simulator&drillSimFile=https://raw.githubusercontent.com/endeavortechnologies/modulesAndSaves/main/DD_Course_004A_4.dsts, https://broker.endpoints.service-project-us-dev-3f0c.cloud.goog?app=drilling-simulator&drillSimFile=https://raw.githubusercontent.com/endeavortechnologies/modulesAndSaves/main/DD_Course_004A_4.dsts, undefined"
"https://broker.endpoints.service-project-us-prod-1a95.cloud.goog?app=drilling-simulator&drillSimFile=https://raw.githubusercontent.com/endeavortechnologies/modulesAndSaves/main/DEMO_30SECONDTUBINGHANGER.dsav, https://broker.endpoints.service-project-us-dev-3f0c.cloud.goog?app=drilling-simulator&drillSimFile=https://raw.githubusercontent.com/endeavortechnologies/modulesAndSaves/main/DEMO_30SECONDTUBINGHANGER.dsav, undefined"
"https://broker.endpoints.service-project-us-prod-1a95.cloud.goog?app=drilling-simulator&drillSimFile=https://raw.githubusercontent.com/endeavortechnologies/modulesAndSaves/main/DEMO_BAKER_DIRECTIONAL_DRILLING_DEMO0.dsts, https://broker.endpoints.service-project-us-dev-3f0c.cloud.goog?app=drilling-simulator&drillSimFile=https://raw.githubusercontent.com/endeavortechnologies/modulesAndSaves/main/DEMO_BAKER_DIRECTIONAL_DRILLING_DEMO0.dsts, undefined"
"https://broker.endpoints.service-project-us-prod-1a95.cloud.goog?app=drilling-simulator&drillSimFile=https://raw.githubusercontent.com/endeavortechnologies/modulesAndSaves/main/DEMO_CEMENT-TEST.dsts, https://broker.endpoints.service-project-us-dev-3f0c.cloud.goog?app=drilling-simulator&drillSimFile=https://raw.githubusercontent.com/endeavortechnologies/modulesAndSaves/main/DEMO_CEMENT-TEST.dsts, undefined"
"https://broker.endpoints.service-project-us-prod-1a95.cloud.goog?app=drilling-simulator&drillSimFile=https://raw.githubusercontent.com/endeavortechnologies/modulesAndSaves/main/DEMO_CUT_AND_PULL_CASING.dsav, https://broker.endpoints.service-project-us-dev-3f0c.cloud.goog?app=drilling-simulator&drillSimFile=https://raw.githubusercontent.com/endeavortechnologies/modulesAndSaves/main/DEMO_CUT_AND_PULL_CASING.dsav, undefined"
"https://broker.endpoints.service-project-us-prod-1a95.cloud.goog?app=drilling-simulator&drillSimFile=https://raw.githubusercontent.com/endeavortechnologies/modulesAndSaves/main/DEMO_DRILLINGSHOETRACK0.dsts, https://broker.endpoints.service-project-us-dev-3f0c.cloud.goog?app=drilling-simulator&drillSimFile=https://raw.githubusercontent.com/endeavortechnologies/modulesAndSaves/main/DEMO_DRILLINGSHOETRACK0.dsts, undefined"
"https://broker.endpoints.service-project-us-prod-1a95.cloud.goog?app=drilling-simulator&drillSimFile=https://raw.githubusercontent.com/endeavortechnologies/modulesAndSaves/main/DEMO_FAILED_GRADED.DSAV, https://broker.endpoints.service-project-us-dev-3f0c.cloud.goog?app=drilling-simulator&drillSimFile=https://raw.githubusercontent.com/endeavortechnologies/modulesAndSaves/main/DEMO_FAILED_GRADED.DSAV, undefined"
"https://broker.endpoints.service-project-us-prod-1a95.cloud.goog?app=drilling-simulator&drillSimFile=https://raw.githubusercontent.com/endeavortechnologies/modulesAndSaves/main/DEMO_GPS_ALBERTA.dsts, https://broker.endpoints.service-project-us-dev-3f0c.cloud.goog?app=drilling-simulator&drillSimFile=https://raw.githubusercontent.com/endeavortechnologies/modulesAndSaves/main/DEMO_GPS_ALBERTA.dsts, undefined"
"https://broker.endpoints.service-project-us-prod-1a95.cloud.goog?app=drilling-simulator&drillSimFile=https://raw.githubusercontent.com/endeavortechnologies/modulesAndSaves/main/DEMO_GPS_GULFBAY.dsts, https://broker.endpoints.service-project-us-dev-3f0c.cloud.goog?app=drilling-simulator&drillSimFile=https://raw.githubusercontent.com/endeavortechnologies/modulesAndSaves/main/DEMO_GPS_GULFBAY.dsts, undefined"
"https://broker.endpoints.service-project-us-prod-1a95.cloud.goog?app=drilling-simulator&drillSimFile=https://raw.githubusercontent.com/endeavortechnologies/modulesAndSaves/main/DEMO_GPS_MIDDLEEAST.dsts, https://broker.endpoints.service-project-us-dev-3f0c.cloud.goog?app=drilling-simulator&drillSimFile=https://raw.githubusercontent.com/endeavortechnologies/modulesAndSaves/main/DEMO_GPS_MIDDLEEAST.dsts, undefined"
"https://broker.endpoints.service-project-us-prod-1a95.cloud.goog?app=drilling-simulator&drillSimFile=https://raw.githubusercontent.com/endeavortechnologies/modulesAndSaves/main/DEMO_GRADING_COMPLETE.dsav, https://broker.endpoints.service-project-us-dev-3f0c.cloud.goog?app=drilling-simulator&drillSimFile=https://raw.githubusercontent.com/endeavortechnologies/modulesAndSaves/main/DEMO_GRADING_COMPLETE.dsav, undefined"
"https://broker.endpoints.service-project-us-prod-1a95.cloud.goog?app=drilling-simulator&drillSimFile=https://raw.githubusercontent.com/endeavortechnologies/modulesAndSaves/main/DEMO_GRADING_DRILLERS_ALMOSTDONE.dsav, https://broker.endpoints.service-project-us-dev-3f0c.cloud.goog?app=drilling-simulator&drillSimFile=https://raw.githubusercontent.com/endeavortechnologies/modulesAndSaves/main/DEMO_GRADING_DRILLERS_ALMOSTDONE.dsav, undefined"
"https://broker.endpoints.service-project-us-prod-1a95.cloud.goog?app=drilling-simulator&drillSimFile=https://raw.githubusercontent.com/endeavortechnologies/modulesAndSaves/main/DEMO_HARNESS_CHALLENGE.dsts, https://broker.endpoints.service-project-us-dev-3f0c.cloud.goog?app=drilling-simulator&drillSimFile=https://raw.githubusercontent.com/endeavortechnologies/modulesAndSaves/main/DEMO_HARNESS_CHALLENGE.dsts, undefined"
"https://broker.endpoints.service-project-us-prod-1a95.cloud.goog?app=drilling-simulator&drillSimFile=https://raw.githubusercontent.com/endeavortechnologies/modulesAndSaves/main/DEMO_IWCF_BADLINEUP.dsts, https://broker.endpoints.service-project-us-dev-3f0c.cloud.goog?app=drilling-simulator&drillSimFile=https://raw.githubusercontent.com/endeavortechnologies/modulesAndSaves/main/DEMO_IWCF_BADLINEUP.dsts, undefined"
"https://broker.endpoints.service-project-us-prod-1a95.cloud.goog?app=drilling-simulator&drillSimFile=https://raw.githubusercontent.com/endeavortechnologies/modulesAndSaves/main/DEMO_IWCF_DEVIATED.dsts, https://broker.endpoints.service-project-us-dev-3f0c.cloud.goog?app=drilling-simulator&drillSimFile=https://raw.githubusercontent.com/endeavortechnologies/modulesAndSaves/main/DEMO_IWCF_DEVIATED.dsts, undefined"
"https://broker.endpoints.service-project-us-prod-1a95.cloud.goog?app=drilling-simulator&drillSimFile=https://raw.githubusercontent.com/endeavortechnologies/modulesAndSaves/main/DEMO_IWCF_DEVIATED_VOLUMETRIC.dsts, https://broker.endpoints.service-project-us-dev-3f0c.cloud.goog?app=drilling-simulator&drillSimFile=https://raw.githubusercontent.com/endeavortechnologies/modulesAndSaves/main/DEMO_IWCF_DEVIATED_VOLUMETRIC.dsts, undefined"
"https://broker.endpoints.service-project-us-prod-1a95.cloud.goog?app=drilling-simulator&drillSimFile=https://raw.githubusercontent.com/endeavortechnologies/modulesAndSaves/main/DEMO_IWCF_SUBSEA.dsts, https://broker.endpoints.service-project-us-dev-3f0c.cloud.goog?app=drilling-simulator&drillSimFile=https://raw.githubusercontent.com/endeavortechnologies/modulesAndSaves/main/DEMO_IWCF_SUBSEA.dsts, undefined"
"https://broker.endpoints.service-project-us-prod-1a95.cloud.goog?app=drilling-simulator&drillSimFile=https://raw.githubusercontent.com/endeavortechnologies/modulesAndSaves/main/DEMO_IWCF_SUBSEAMEDCHOKE.dsts, https://broker.endpoints.service-project-us-dev-3f0c.cloud.goog?app=drilling-simulator&drillSimFile=https://raw.githubusercontent.com/endeavortechnologies/modulesAndSaves/main/DEMO_IWCF_SUBSEAMEDCHOKE.dsts, undefined"
"https://broker.endpoints.service-project-us-prod-1a95.cloud.goog?app=drilling-simulator&drillSimFile=https://raw.githubusercontent.com/endeavortechnologies/modulesAndSaves/main/DEMO_IWCF_SUBSEA_SBPD_A.DSTS, https://broker.endpoints.service-project-us-dev-3f0c.cloud.goog?app=drilling-simulator&drillSimFile=https://raw.githubusercontent.com/endeavortechnologies/modulesAndSaves/main/DEMO_IWCF_SUBSEA_SBPD_A.DSTS, undefined"
"https://broker.endpoints.service-project-us-prod-1a95.cloud.goog?app=drilling-simulator&drillSimFile=https://raw.githubusercontent.com/endeavortechnologies/modulesAndSaves/main/DEMO_IWCF_SUBSEA_VOLUMETRIC.dsts, https://broker.endpoints.service-project-us-dev-3f0c.cloud.goog?app=drilling-simulator&drillSimFile=https://raw.githubusercontent.com/endeavortechnologies/modulesAndSaves/main/DEMO_IWCF_SUBSEA_VOLUMETRIC.dsts, undefined"
"https://broker.endpoints.service-project-us-prod-1a95.cloud.goog?app=drilling-simulator&drillSimFile=https://raw.githubusercontent.com/endeavortechnologies/modulesAndSaves/main/DEMO_IWCF_SURFACE.dsts, https://broker.endpoints.service-project-us-dev-3f0c.cloud.goog?app=drilling-simulator&drillSimFile=https://raw.githubusercontent.com/endeavortechnologies/modulesAndSaves/main/DEMO_IWCF_SURFACE.dsts, undefined"
"https://broker.endpoints.service-project-us-prod-1a95.cloud.goog?app=drilling-simulator&drillSimFile=https://raw.githubusercontent.com/endeavortechnologies/modulesAndSaves/main/DEMO_IWCF_SURFACE_SBPD_A.DSTS, https://broker.endpoints.service-project-us-dev-3f0c.cloud.goog?app=drilling-simulator&drillSimFile=https://raw.githubusercontent.com/endeavortechnologies/modulesAndSaves/main/DEMO_IWCF_SURFACE_SBPD_A.DSTS, undefined"
"https://broker.endpoints.service-project-us-prod-1a95.cloud.goog?app=drilling-simulator&drillSimFile=https://raw.githubusercontent.com/endeavortechnologies/modulesAndSaves/main/DEMO_IWCF_VOLUMETRIC.dsts, https://broker.endpoints.service-project-us-dev-3f0c.cloud.goog?app=drilling-simulator&drillSimFile=https://raw.githubusercontent.com/endeavortechnologies/modulesAndSaves/main/DEMO_IWCF_VOLUMETRIC.dsts, undefined"
"https://broker.endpoints.service-project-us-prod-1a95.cloud.goog?app=drilling-simulator&drillSimFile=https://raw.githubusercontent.com/endeavortechnologies/modulesAndSaves/main/DEMO_JOSH_DEVIATED.dsts, https://broker.endpoints.service-project-us-dev-3f0c.cloud.goog?app=drilling-simulator&drillSimFile=https://raw.githubusercontent.com/endeavortechnologies/modulesAndSaves/main/DEMO_JOSH_DEVIATED.dsts, undefined"
"https://broker.endpoints.service-project-us-prod-1a95.cloud.goog?app=drilling-simulator&drillSimFile=https://raw.githubusercontent.com/endeavortechnologies/modulesAndSaves/main/DEMO_LEVEL_3_SUBSEA.dsav, https://broker.endpoints.service-project-us-dev-3f0c.cloud.goog?app=drilling-simulator&drillSimFile=https://raw.githubusercontent.com/endeavortechnologies/modulesAndSaves/main/DEMO_LEVEL_3_SUBSEA.dsav, undefined"
"https://broker.endpoints.service-project-us-prod-1a95.cloud.goog?app=drilling-simulator&drillSimFile=https://raw.githubusercontent.com/endeavortechnologies/modulesAndSaves/main/DEMO_LEVEL_3_SUBSEA_-_GRADED.dsav, https://broker.endpoints.service-project-us-dev-3f0c.cloud.goog?app=drilling-simulator&drillSimFile=https://raw.githubusercontent.com/endeavortechnologies/modulesAndSaves/main/DEMO_LEVEL_3_SUBSEA_-_GRADED.dsav, undefined"
"https://broker.endpoints.service-project-us-prod-1a95.cloud.goog?app=drilling-simulator&drillSimFile=https://raw.githubusercontent.com/endeavortechnologies/modulesAndSaves/main/DEMO_LEVEL_4_SUBSEA_-_GRADED_-_DRILLERS_METHOD.dsav, https://broker.endpoints.service-project-us-dev-3f0c.cloud.goog?app=drilling-simulator&drillSimFile=https://raw.githubusercontent.com/endeavortechnologies/modulesAndSaves/main/DEMO_LEVEL_4_SUBSEA_-_GRADED_-_DRILLERS_METHOD.dsav, undefined"
"https://broker.endpoints.service-project-us-prod-1a95.cloud.goog?app=drilling-simulator&drillSimFile=https://raw.githubusercontent.com/endeavortechnologies/modulesAndSaves/main/DEMO_LEVEL_4_SUBSEA_-_GRADED_-_WAIT_AND_WEIGHT_METHOD.dsav, https://broker.endpoints.service-project-us-dev-3f0c.cloud.goog?app=drilling-simulator&drillSimFile=https://raw.githubusercontent.com/endeavortechnologies/modulesAndSaves/main/DEMO_LEVEL_4_SUBSEA_-_GRADED_-_WAIT_AND_WEIGHT_METHOD.dsav, undefined"
"https://broker.endpoints.service-project-us-prod-1a95.cloud.goog?app=drilling-simulator&drillSimFile=https://raw.githubusercontent.com/endeavortechnologies/modulesAndSaves/main/DEMO_LEVEL_4_SUBSEA_-_NON_GRADED_-_DRILLERS_METHOD.dsav, https://broker.endpoints.service-project-us-dev-3f0c.cloud.goog?app=drilling-simulator&drillSimFile=https://raw.githubusercontent.com/endeavortechnologies/modulesAndSaves/main/DEMO_LEVEL_4_SUBSEA_-_NON_GRADED_-_DRILLERS_METHOD.dsav, undefined"
"https://broker.endpoints.service-project-us-prod-1a95.cloud.goog?app=drilling-simulator&drillSimFile=https://raw.githubusercontent.com/endeavortechnologies/modulesAndSaves/main/DEMO_LEVEL_4_SUBSEA_-_NON_GRADED_-_WAIT_AND_WEIGHT_METHOD.dsav, https://broker.endpoints.service-project-us-dev-3f0c.cloud.goog?app=drilling-simulator&drillSimFile=https://raw.githubusercontent.com/endeavortechnologies/modulesAndSaves/main/DEMO_LEVEL_4_SUBSEA_-_NON_GRADED_-_WAIT_AND_WEIGHT_METHOD.dsav, undefined"
"https://broker.endpoints.service-project-us-prod-1a95.cloud.goog?app=drilling-simulator&drillSimFile=https://raw.githubusercontent.com/endeavortechnologies/modulesAndSaves/main/DEMO_MUDTANKS_jackup.dsts, https://broker.endpoints.service-project-us-dev-3f0c.cloud.goog?app=drilling-simulator&drillSimFile=https://raw.githubusercontent.com/endeavortechnologies/modulesAndSaves/main/DEMO_MUDTANKS_jackup.dsts, undefined"
"https://broker.endpoints.service-project-us-prod-1a95.cloud.goog?app=drilling-simulator&drillSimFile=https://raw.githubusercontent.com/endeavortechnologies/modulesAndSaves/main/DEMO_MUDTANKS_semisub.dsts, https://broker.endpoints.service-project-us-dev-3f0c.cloud.goog?app=drilling-simulator&drillSimFile=https://raw.githubusercontent.com/endeavortechnologies/modulesAndSaves/main/DEMO_MUDTANKS_semisub.dsts, undefined"
"https://broker.endpoints.service-project-us-prod-1a95.cloud.goog?app=drilling-simulator&drillSimFile=https://raw.githubusercontent.com/endeavortechnologies/modulesAndSaves/main/DEMO_MUDTANKS_Subsea.DSTS, https://broker.endpoints.service-project-us-dev-3f0c.cloud.goog?app=drilling-simulator&drillSimFile=https://raw.githubusercontent.com/endeavortechnologies/modulesAndSaves/main/DEMO_MUDTANKS_Subsea.DSTS, undefined"
"https://broker.endpoints.service-project-us-prod-1a95.cloud.goog?app=drilling-simulator&drillSimFile=https://raw.githubusercontent.com/endeavortechnologies/modulesAndSaves/main/DEMO_MUDTANKS_Surface.DSTS, https://broker.endpoints.service-project-us-dev-3f0c.cloud.goog?app=drilling-simulator&drillSimFile=https://raw.githubusercontent.com/endeavortechnologies/modulesAndSaves/main/DEMO_MUDTANKS_Surface.DSTS, undefined"
"https://broker.endpoints.service-project-us-prod-1a95.cloud.goog?app=drilling-simulator&drillSimFile=https://raw.githubusercontent.com/endeavortechnologies/modulesAndSaves/main/DEMO_MUDTANKS_vessel.dsts, https://broker.endpoints.service-project-us-dev-3f0c.cloud.goog?app=drilling-simulator&drillSimFile=https://raw.githubusercontent.com/endeavortechnologies/modulesAndSaves/main/DEMO_MUDTANKS_vessel.dsts, undefined"
"https://broker.endpoints.service-project-us-prod-1a95.cloud.goog?app=drilling-simulator&drillSimFile=https://raw.githubusercontent.com/endeavortechnologies/modulesAndSaves/main/DEMO_SCRIPTED_WELLCONTROL.dsts, https://broker.endpoints.service-project-us-dev-3f0c.cloud.goog?app=drilling-simulator&drillSimFile=https://raw.githubusercontent.com/endeavortechnologies/modulesAndSaves/main/DEMO_SCRIPTED_WELLCONTROL.dsts, undefined"
"https://broker.endpoints.service-project-us-prod-1a95.cloud.goog?app=drilling-simulator&drillSimFile=https://raw.githubusercontent.com/endeavortechnologies/modulesAndSaves/main/DEMO_SUBSEA_-_BALLOONING__-_PORTED_FLOAT.dsav, https://broker.endpoints.service-project-us-dev-3f0c.cloud.goog?app=drilling-simulator&drillSimFile=https://raw.githubusercontent.com/endeavortechnologies/modulesAndSaves/main/DEMO_SUBSEA_-_BALLOONING__-_PORTED_FLOAT.dsav, undefined"
"https://broker.endpoints.service-project-us-prod-1a95.cloud.goog?app=drilling-simulator&drillSimFile=https://raw.githubusercontent.com/endeavortechnologies/modulesAndSaves/main/DEMO_SUBSEA_-_DRILLERS_METHOD_-_NON-PORTED_FLOAT.dsav, https://broker.endpoints.service-project-us-dev-3f0c.cloud.goog?app=drilling-simulator&drillSimFile=https://raw.githubusercontent.com/endeavortechnologies/modulesAndSaves/main/DEMO_SUBSEA_-_DRILLERS_METHOD_-_NON-PORTED_FLOAT.dsav, undefined"
"https://broker.endpoints.service-project-us-prod-1a95.cloud.goog?app=drilling-simulator&drillSimFile=https://raw.githubusercontent.com/endeavortechnologies/modulesAndSaves/main/DEMO_SUBSEA_-_DRILLERS_METHOD_OBM_-_PORTED_FLOAT.dsav, https://broker.endpoints.service-project-us-dev-3f0c.cloud.goog?app=drilling-simulator&drillSimFile=https://raw.githubusercontent.com/endeavortechnologies/modulesAndSaves/main/DEMO_SUBSEA_-_DRILLERS_METHOD_OBM_-_PORTED_FLOAT.dsav, undefined"
"https://broker.endpoints.service-project-us-prod-1a95.cloud.goog?app=drilling-simulator&drillSimFile=https://raw.githubusercontent.com/endeavortechnologies/modulesAndSaves/main/DEMO_SUBSEA_-_VOLUMETRIC_-_NON-PORTED_FLOAT.dsav, https://broker.endpoints.service-project-us-dev-3f0c.cloud.goog?app=drilling-simulator&drillSimFile=https://raw.githubusercontent.com/endeavortechnologies/modulesAndSaves/main/DEMO_SUBSEA_-_VOLUMETRIC_-_NON-PORTED_FLOAT.dsav, undefined"
"https://broker.endpoints.service-project-us-prod-1a95.cloud.goog?app=drilling-simulator&drillSimFile=https://raw.githubusercontent.com/endeavortechnologies/modulesAndSaves/main/DEMO_SUBSEA_SBPD_A.dsav, https://broker.endpoints.service-project-us-dev-3f0c.cloud.goog?app=drilling-simulator&drillSimFile=https://raw.githubusercontent.com/endeavortechnologies/modulesAndSaves/main/DEMO_SUBSEA_SBPD_A.dsav, undefined"
"https://broker.endpoints.service-project-us-prod-1a95.cloud.goog?app=drilling-simulator&drillSimFile=https://raw.githubusercontent.com/endeavortechnologies/modulesAndSaves/main/DEMO_SUBSEA_SBPD_A_10_SECONDARY_WELLCONTROL.dsav, https://broker.endpoints.service-project-us-dev-3f0c.cloud.goog?app=drilling-simulator&drillSimFile=https://raw.githubusercontent.com/endeavortechnologies/modulesAndSaves/main/DEMO_SUBSEA_SBPD_A_10_SECONDARY_WELLCONTROL.dsav, undefined"
"https://broker.endpoints.service-project-us-prod-1a95.cloud.goog?app=drilling-simulator&drillSimFile=https://raw.githubusercontent.com/endeavortechnologies/modulesAndSaves/main/DEMO_SUBSEA_SBPD_A_11_FLOAT.dsav, https://broker.endpoints.service-project-us-dev-3f0c.cloud.goog?app=drilling-simulator&drillSimFile=https://raw.githubusercontent.com/endeavortechnologies/modulesAndSaves/main/DEMO_SUBSEA_SBPD_A_11_FLOAT.dsav, undefined"
"https://broker.endpoints.service-project-us-prod-1a95.cloud.goog?app=drilling-simulator&drillSimFile=https://raw.githubusercontent.com/endeavortechnologies/modulesAndSaves/main/DEMO_SUBSEA_SBPD_A_12_Random.dsav, https://broker.endpoints.service-project-us-dev-3f0c.cloud.goog?app=drilling-simulator&drillSimFile=https://raw.githubusercontent.com/endeavortechnologies/modulesAndSaves/main/DEMO_SUBSEA_SBPD_A_12_Random.dsav, undefined"
"https://broker.endpoints.service-project-us-prod-1a95.cloud.goog?app=drilling-simulator&drillSimFile=https://raw.githubusercontent.com/endeavortechnologies/modulesAndSaves/main/DEMO_SUBSEA_SBPD_A_1_Basic.dsav, https://broker.endpoints.service-project-us-dev-3f0c.cloud.goog?app=drilling-simulator&drillSimFile=https://raw.githubusercontent.com/endeavortechnologies/modulesAndSaves/main/DEMO_SUBSEA_SBPD_A_1_Basic.dsav, undefined"
"https://broker.endpoints.service-project-us-prod-1a95.cloud.goog?app=drilling-simulator&drillSimFile=https://raw.githubusercontent.com/endeavortechnologies/modulesAndSaves/main/DEMO_SUBSEA_SBPD_A_1_Basic_CSTPP.dsav, https://broker.endpoints.service-project-us-dev-3f0c.cloud.goog?app=drilling-simulator&drillSimFile=https://raw.githubusercontent.com/endeavortechnologies/modulesAndSaves/main/DEMO_SUBSEA_SBPD_A_1_Basic_CSTPP.dsav, undefined"
"https://broker.endpoints.service-project-us-prod-1a95.cloud.goog?app=drilling-simulator&drillSimFile=https://raw.githubusercontent.com/endeavortechnologies/modulesAndSaves/main/DEMO_SUBSEA_SBPD_A_1_SCR.dsav, https://broker.endpoints.service-project-us-dev-3f0c.cloud.goog?app=drilling-simulator&drillSimFile=https://raw.githubusercontent.com/endeavortechnologies/modulesAndSaves/main/DEMO_SUBSEA_SBPD_A_1_SCR.dsav, undefined"
"https://broker.endpoints.service-project-us-prod-1a95.cloud.goog?app=drilling-simulator&drillSimFile=https://raw.githubusercontent.com/endeavortechnologies/modulesAndSaves/main/DEMO_SUBSEA_SBPD_A_2_CLF.dsav, https://broker.endpoints.service-project-us-dev-3f0c.cloud.goog?app=drilling-simulator&drillSimFile=https://raw.githubusercontent.com/endeavortechnologies/modulesAndSaves/main/DEMO_SUBSEA_SBPD_A_2_CLF.dsav, undefined"
"https://broker.endpoints.service-project-us-prod-1a95.cloud.goog?app=drilling-simulator&drillSimFile=https://raw.githubusercontent.com/endeavortechnologies/modulesAndSaves/main/DEMO_SUBSEA_SBPD_A_3_DYN_LOT.dsav, https://broker.endpoints.service-project-us-dev-3f0c.cloud.goog?app=drilling-simulator&drillSimFile=https://raw.githubusercontent.com/endeavortechnologies/modulesAndSaves/main/DEMO_SUBSEA_SBPD_A_3_DYN_LOT.dsav, undefined"
"https://broker.endpoints.service-project-us-prod-1a95.cloud.goog?app=drilling-simulator&drillSimFile=https://raw.githubusercontent.com/endeavortechnologies/modulesAndSaves/main/DEMO_SUBSEA_SBPD_A_4_DYN_STEPDOWN.dsav, https://broker.endpoints.service-project-us-dev-3f0c.cloud.goog?app=drilling-simulator&drillSimFile=https://raw.githubusercontent.com/endeavortechnologies/modulesAndSaves/main/DEMO_SUBSEA_SBPD_A_4_DYN_STEPDOWN.dsav, undefined"
"https://broker.endpoints.service-project-us-prod-1a95.cloud.goog?app=drilling-simulator&drillSimFile=https://raw.githubusercontent.com/endeavortechnologies/modulesAndSaves/main/DEMO_SUBSEA_SBPD_A_5_CONNECTION.dsav, https://broker.endpoints.service-project-us-dev-3f0c.cloud.goog?app=drilling-simulator&drillSimFile=https://raw.githubusercontent.com/endeavortechnologies/modulesAndSaves/main/DEMO_SUBSEA_SBPD_A_5_CONNECTION.dsav, undefined"
"https://broker.endpoints.service-project-us-prod-1a95.cloud.goog?app=drilling-simulator&drillSimFile=https://raw.githubusercontent.com/endeavortechnologies/modulesAndSaves/main/DEMO_SUBSEA_SBPD_A_6_DRILLING.dsav, https://broker.endpoints.service-project-us-dev-3f0c.cloud.goog?app=drilling-simulator&drillSimFile=https://raw.githubusercontent.com/endeavortechnologies/modulesAndSaves/main/DEMO_SUBSEA_SBPD_A_6_DRILLING.dsav, undefined"
"https://broker.endpoints.service-project-us-prod-1a95.cloud.goog?app=drilling-simulator&drillSimFile=https://raw.githubusercontent.com/endeavortechnologies/modulesAndSaves/main/DEMO_SUBSEA_SBPD_A_7_TRIPPING.dsav, https://broker.endpoints.service-project-us-dev-3f0c.cloud.goog?app=drilling-simulator&drillSimFile=https://raw.githubusercontent.com/endeavortechnologies/modulesAndSaves/main/DEMO_SUBSEA_SBPD_A_7_TRIPPING.dsav, undefined"
"https://broker.endpoints.service-project-us-prod-1a95.cloud.goog?app=drilling-simulator&drillSimFile=https://raw.githubusercontent.com/endeavortechnologies/modulesAndSaves/main/DEMO_SUBSEA_SBPD_A_8_LOSS.dsav, https://broker.endpoints.service-project-us-dev-3f0c.cloud.goog?app=drilling-simulator&drillSimFile=https://raw.githubusercontent.com/endeavortechnologies/modulesAndSaves/main/DEMO_SUBSEA_SBPD_A_8_LOSS.dsav, undefined"
"https://broker.endpoints.service-project-us-prod-1a95.cloud.goog?app=drilling-simulator&drillSimFile=https://raw.githubusercontent.com/endeavortechnologies/modulesAndSaves/main/DEMO_SUBSEA_SBPD_A_9_KICK.dsav, https://broker.endpoints.service-project-us-dev-3f0c.cloud.goog?app=drilling-simulator&drillSimFile=https://raw.githubusercontent.com/endeavortechnologies/modulesAndSaves/main/DEMO_SUBSEA_SBPD_A_9_KICK.dsav, undefined"
"https://broker.endpoints.service-project-us-prod-1a95.cloud.goog?app=drilling-simulator&drillSimFile=https://raw.githubusercontent.com/endeavortechnologies/modulesAndSaves/main/DEMO_SUBSEA_SBPD_A_Incident_1_CW.dsav, https://broker.endpoints.service-project-us-dev-3f0c.cloud.goog?app=drilling-simulator&drillSimFile=https://raw.githubusercontent.com/endeavortechnologies/modulesAndSaves/main/DEMO_SUBSEA_SBPD_A_Incident_1_CW.dsav, undefined"
"https://broker.endpoints.service-project-us-prod-1a95.cloud.goog?app=drilling-simulator&drillSimFile=https://raw.githubusercontent.com/endeavortechnologies/modulesAndSaves/main/DEMO_SUBSEA_SBPD_A_Incident_2_PJ.dsav, https://broker.endpoints.service-project-us-dev-3f0c.cloud.goog?app=drilling-simulator&drillSimFile=https://raw.githubusercontent.com/endeavortechnologies/modulesAndSaves/main/DEMO_SUBSEA_SBPD_A_Incident_2_PJ.dsav, undefined"
"https://broker.endpoints.service-project-us-prod-1a95.cloud.goog?app=drilling-simulator&drillSimFile=https://raw.githubusercontent.com/endeavortechnologies/modulesAndSaves/main/DEMO_SUBSEA_SBPD_A_Incident_3_BF.dsav, https://broker.endpoints.service-project-us-dev-3f0c.cloud.goog?app=drilling-simulator&drillSimFile=https://raw.githubusercontent.com/endeavortechnologies/modulesAndSaves/main/DEMO_SUBSEA_SBPD_A_Incident_3_BF.dsav, undefined"
"https://broker.endpoints.service-project-us-prod-1a95.cloud.goog?app=drilling-simulator&drillSimFile=https://raw.githubusercontent.com/endeavortechnologies/modulesAndSaves/main/DEMO_SUBSEA_SBPD_A_Incident_4_PC.dsav, https://broker.endpoints.service-project-us-dev-3f0c.cloud.goog?app=drilling-simulator&drillSimFile=https://raw.githubusercontent.com/endeavortechnologies/modulesAndSaves/main/DEMO_SUBSEA_SBPD_A_Incident_4_PC.dsav, undefined"
"https://broker.endpoints.service-project-us-prod-1a95.cloud.goog?app=drilling-simulator&drillSimFile=https://raw.githubusercontent.com/endeavortechnologies/modulesAndSaves/main/DEMO_SUBSEA_SBPD_A_Incident_5_PS.dsav, https://broker.endpoints.service-project-us-dev-3f0c.cloud.goog?app=drilling-simulator&drillSimFile=https://raw.githubusercontent.com/endeavortechnologies/modulesAndSaves/main/DEMO_SUBSEA_SBPD_A_Incident_5_PS.dsav, undefined"
"https://broker.endpoints.service-project-us-prod-1a95.cloud.goog?app=drilling-simulator&drillSimFile=https://raw.githubusercontent.com/endeavortechnologies/modulesAndSaves/main/DEMO_SUBSEA_SBPD_A_Incident_6_PB.dsav, https://broker.endpoints.service-project-us-dev-3f0c.cloud.goog?app=drilling-simulator&drillSimFile=https://raw.githubusercontent.com/endeavortechnologies/modulesAndSaves/main/DEMO_SUBSEA_SBPD_A_Incident_6_PB.dsav, undefined"
"https://broker.endpoints.service-project-us-prod-1a95.cloud.goog?app=drilling-simulator&drillSimFile=https://raw.githubusercontent.com/endeavortechnologies/modulesAndSaves/main/DEMO_SUBSEA_SBPD_A_Incident_7_WB.dsav, https://broker.endpoints.service-project-us-dev-3f0c.cloud.goog?app=drilling-simulator&drillSimFile=https://raw.githubusercontent.com/endeavortechnologies/modulesAndSaves/main/DEMO_SUBSEA_SBPD_A_Incident_7_WB.dsav, undefined"
"https://broker.endpoints.service-project-us-prod-1a95.cloud.goog?app=drilling-simulator&drillSimFile=https://raw.githubusercontent.com/endeavortechnologies/modulesAndSaves/main/DEMO_SUBSEA_SBPD_A_Incident_8_PF.dsav, https://broker.endpoints.service-project-us-dev-3f0c.cloud.goog?app=drilling-simulator&drillSimFile=https://raw.githubusercontent.com/endeavortechnologies/modulesAndSaves/main/DEMO_SUBSEA_SBPD_A_Incident_8_PF.dsav, undefined"
"https://broker.endpoints.service-project-us-prod-1a95.cloud.goog?app=drilling-simulator&drillSimFile=https://raw.githubusercontent.com/endeavortechnologies/modulesAndSaves/main/DEMO_SUBSEA_SBPD_A_Incident_9_CP.dsav, https://broker.endpoints.service-project-us-dev-3f0c.cloud.goog?app=drilling-simulator&drillSimFile=https://raw.githubusercontent.com/endeavortechnologies/modulesAndSaves/main/DEMO_SUBSEA_SBPD_A_Incident_9_CP.dsav, undefined"
"https://broker.endpoints.service-project-us-prod-1a95.cloud.goog?app=drilling-simulator&drillSimFile=https://raw.githubusercontent.com/endeavortechnologies/modulesAndSaves/main/DEMO_SUBSEA_V2_SBPD_B.dsts, https://broker.endpoints.service-project-us-dev-3f0c.cloud.goog?app=drilling-simulator&drillSimFile=https://raw.githubusercontent.com/endeavortechnologies/modulesAndSaves/main/DEMO_SUBSEA_V2_SBPD_B.dsts, undefined"
"https://broker.endpoints.service-project-us-prod-1a95.cloud.goog?app=drilling-simulator&drillSimFile=https://raw.githubusercontent.com/endeavortechnologies/modulesAndSaves/main/DEMO_SURFACE_-_BALLOONING_-_PORTED_FLOAT.dsav, https://broker.endpoints.service-project-us-dev-3f0c.cloud.goog?app=drilling-simulator&drillSimFile=https://raw.githubusercontent.com/endeavortechnologies/modulesAndSaves/main/DEMO_SURFACE_-_BALLOONING_-_PORTED_FLOAT.dsav, undefined"
"https://broker.endpoints.service-project-us-prod-1a95.cloud.goog?app=drilling-simulator&drillSimFile=https://raw.githubusercontent.com/endeavortechnologies/modulesAndSaves/main/DEMO_SURFACE_SBPD_A.dsav, https://broker.endpoints.service-project-us-dev-3f0c.cloud.goog?app=drilling-simulator&drillSimFile=https://raw.githubusercontent.com/endeavortechnologies/modulesAndSaves/main/DEMO_SURFACE_SBPD_A.dsav, undefined"
"https://broker.endpoints.service-project-us-prod-1a95.cloud.goog?app=drilling-simulator&drillSimFile=https://raw.githubusercontent.com/endeavortechnologies/modulesAndSaves/main/DEMO_SURFACE_SBPD_A_10_SECONDARY_WELLCONTROL.dsav, https://broker.endpoints.service-project-us-dev-3f0c.cloud.goog?app=drilling-simulator&drillSimFile=https://raw.githubusercontent.com/endeavortechnologies/modulesAndSaves/main/DEMO_SURFACE_SBPD_A_10_SECONDARY_WELLCONTROL.dsav, undefined"
"https://broker.endpoints.service-project-us-prod-1a95.cloud.goog?app=drilling-simulator&drillSimFile=https://raw.githubusercontent.com/endeavortechnologies/modulesAndSaves/main/DEMO_SURFACE_SBPD_A_11_FLOAT.dsav, https://broker.endpoints.service-project-us-dev-3f0c.cloud.goog?app=drilling-simulator&drillSimFile=https://raw.githubusercontent.com/endeavortechnologies/modulesAndSaves/main/DEMO_SURFACE_SBPD_A_11_FLOAT.dsav, undefined"
"https://broker.endpoints.service-project-us-prod-1a95.cloud.goog?app=drilling-simulator&drillSimFile=https://raw.githubusercontent.com/endeavortechnologies/modulesAndSaves/main/DEMO_SURFACE_SBPD_A_12_Random.dsav, https://broker.endpoints.service-project-us-dev-3f0c.cloud.goog?app=drilling-simulator&drillSimFile=https://raw.githubusercontent.com/endeavortechnologies/modulesAndSaves/main/DEMO_SURFACE_SBPD_A_12_Random.dsav, undefined"
"https://broker.endpoints.service-project-us-prod-1a95.cloud.goog?app=drilling-simulator&drillSimFile=https://raw.githubusercontent.com/endeavortechnologies/modulesAndSaves/main/DEMO_SURFACE_SBPD_A_1_Basic.dsav, https://broker.endpoints.service-project-us-dev-3f0c.cloud.goog?app=drilling-simulator&drillSimFile=https://raw.githubusercontent.com/endeavortechnologies/modulesAndSaves/main/DEMO_SURFACE_SBPD_A_1_Basic.dsav, undefined"
"https://broker.endpoints.service-project-us-prod-1a95.cloud.goog?app=drilling-simulator&drillSimFile=https://raw.githubusercontent.com/endeavortechnologies/modulesAndSaves/main/DEMO_SURFACE_SBPD_A_1_Basic_CSTPP.dsav, https://broker.endpoints.service-project-us-dev-3f0c.cloud.goog?app=drilling-simulator&drillSimFile=https://raw.githubusercontent.com/endeavortechnologies/modulesAndSaves/main/DEMO_SURFACE_SBPD_A_1_Basic_CSTPP.dsav, undefined"
"https://broker.endpoints.service-project-us-prod-1a95.cloud.goog?app=drilling-simulator&drillSimFile=https://raw.githubusercontent.com/endeavortechnologies/modulesAndSaves/main/DEMO_SURFACE_SBPD_A_1_SCR.dsav, https://broker.endpoints.service-project-us-dev-3f0c.cloud.goog?app=drilling-simulator&drillSimFile=https://raw.githubusercontent.com/endeavortechnologies/modulesAndSaves/main/DEMO_SURFACE_SBPD_A_1_SCR.dsav, undefined"
"https://broker.endpoints.service-project-us-prod-1a95.cloud.goog?app=drilling-simulator&drillSimFile=https://raw.githubusercontent.com/endeavortechnologies/modulesAndSaves/main/DEMO_SURFACE_SBPD_A_2_CLF.dsav, https://broker.endpoints.service-project-us-dev-3f0c.cloud.goog?app=drilling-simulator&drillSimFile=https://raw.githubusercontent.com/endeavortechnologies/modulesAndSaves/main/DEMO_SURFACE_SBPD_A_2_CLF.dsav, undefined"
"https://broker.endpoints.service-project-us-prod-1a95.cloud.goog?app=drilling-simulator&drillSimFile=https://raw.githubusercontent.com/endeavortechnologies/modulesAndSaves/main/DEMO_SURFACE_SBPD_A_3_DYN_LOT.dsav, https://broker.endpoints.service-project-us-dev-3f0c.cloud.goog?app=drilling-simulator&drillSimFile=https://raw.githubusercontent.com/endeavortechnologies/modulesAndSaves/main/DEMO_SURFACE_SBPD_A_3_DYN_LOT.dsav, undefined"
"https://broker.endpoints.service-project-us-prod-1a95.cloud.goog?app=drilling-simulator&drillSimFile=https://raw.githubusercontent.com/endeavortechnologies/modulesAndSaves/main/DEMO_SURFACE_SBPD_A_4_DYN_STEPDOWN.dsav, https://broker.endpoints.service-project-us-dev-3f0c.cloud.goog?app=drilling-simulator&drillSimFile=https://raw.githubusercontent.com/endeavortechnologies/modulesAndSaves/main/DEMO_SURFACE_SBPD_A_4_DYN_STEPDOWN.dsav, undefined"
"https://broker.endpoints.service-project-us-prod-1a95.cloud.goog?app=drilling-simulator&drillSimFile=https://raw.githubusercontent.com/endeavortechnologies/modulesAndSaves/main/DEMO_SURFACE_SBPD_A_5_CONNECTION.dsav, https://broker.endpoints.service-project-us-dev-3f0c.cloud.goog?app=drilling-simulator&drillSimFile=https://raw.githubusercontent.com/endeavortechnologies/modulesAndSaves/main/DEMO_SURFACE_SBPD_A_5_CONNECTION.dsav, undefined"
"https://broker.endpoints.service-project-us-prod-1a95.cloud.goog?app=drilling-simulator&drillSimFile=https://raw.githubusercontent.com/endeavortechnologies/modulesAndSaves/main/DEMO_SURFACE_SBPD_A_6_DRILLING.dsav, https://broker.endpoints.service-project-us-dev-3f0c.cloud.goog?app=drilling-simulator&drillSimFile=https://raw.githubusercontent.com/endeavortechnologies/modulesAndSaves/main/DEMO_SURFACE_SBPD_A_6_DRILLING.dsav, undefined"
"https://broker.endpoints.service-project-us-prod-1a95.cloud.goog?app=drilling-simulator&drillSimFile=https://raw.githubusercontent.com/endeavortechnologies/modulesAndSaves/main/DEMO_SURFACE_SBPD_A_7_TRIPPING.dsav, https://broker.endpoints.service-project-us-dev-3f0c.cloud.goog?app=drilling-simulator&drillSimFile=https://raw.githubusercontent.com/endeavortechnologies/modulesAndSaves/main/DEMO_SURFACE_SBPD_A_7_TRIPPING.dsav, undefined"
"https://broker.endpoints.service-project-us-prod-1a95.cloud.goog?app=drilling-simulator&drillSimFile=https://raw.githubusercontent.com/endeavortechnologies/modulesAndSaves/main/DEMO_SURFACE_SBPD_A_8_LOSS.dsav, https://broker.endpoints.service-project-us-dev-3f0c.cloud.goog?app=drilling-simulator&drillSimFile=https://raw.githubusercontent.com/endeavortechnologies/modulesAndSaves/main/DEMO_SURFACE_SBPD_A_8_LOSS.dsav, undefined"
"https://broker.endpoints.service-project-us-prod-1a95.cloud.goog?app=drilling-simulator&drillSimFile=https://raw.githubusercontent.com/endeavortechnologies/modulesAndSaves/main/DEMO_SURFACE_SBPD_A_9_KICK.dsav, https://broker.endpoints.service-project-us-dev-3f0c.cloud.goog?app=drilling-simulator&drillSimFile=https://raw.githubusercontent.com/endeavortechnologies/modulesAndSaves/main/DEMO_SURFACE_SBPD_A_9_KICK.dsav, undefined"
"https://broker.endpoints.service-project-us-prod-1a95.cloud.goog?app=drilling-simulator&drillSimFile=https://raw.githubusercontent.com/endeavortechnologies/modulesAndSaves/main/DEMO_SURFACE_SBPD_A_Incident_1_CW.dsav, https://broker.endpoints.service-project-us-dev-3f0c.cloud.goog?app=drilling-simulator&drillSimFile=https://raw.githubusercontent.com/endeavortechnologies/modulesAndSaves/main/DEMO_SURFACE_SBPD_A_Incident_1_CW.dsav, undefined"
"https://broker.endpoints.service-project-us-prod-1a95.cloud.goog?app=drilling-simulator&drillSimFile=https://raw.githubusercontent.com/endeavortechnologies/modulesAndSaves/main/DEMO_SURFACE_SBPD_A_Incident_2_PJ.dsav, https://broker.endpoints.service-project-us-dev-3f0c.cloud.goog?app=drilling-simulator&drillSimFile=https://raw.githubusercontent.com/endeavortechnologies/modulesAndSaves/main/DEMO_SURFACE_SBPD_A_Incident_2_PJ.dsav, undefined"
"https://broker.endpoints.service-project-us-prod-1a95.cloud.goog?app=drilling-simulator&drillSimFile=https://raw.githubusercontent.com/endeavortechnologies/modulesAndSaves/main/DEMO_SURFACE_SBPD_A_Incident_3_BF.dsav, https://broker.endpoints.service-project-us-dev-3f0c.cloud.goog?app=drilling-simulator&drillSimFile=https://raw.githubusercontent.com/endeavortechnologies/modulesAndSaves/main/DEMO_SURFACE_SBPD_A_Incident_3_BF.dsav, undefined"
"https://broker.endpoints.service-project-us-prod-1a95.cloud.goog?app=drilling-simulator&drillSimFile=https://raw.githubusercontent.com/endeavortechnologies/modulesAndSaves/main/DEMO_SURFACE_SBPD_A_Incident_4_PC.dsav, https://broker.endpoints.service-project-us-dev-3f0c.cloud.goog?app=drilling-simulator&drillSimFile=https://raw.githubusercontent.com/endeavortechnologies/modulesAndSaves/main/DEMO_SURFACE_SBPD_A_Incident_4_PC.dsav, undefined"
"https://broker.endpoints.service-project-us-prod-1a95.cloud.goog?app=drilling-simulator&drillSimFile=https://raw.githubusercontent.com/endeavortechnologies/modulesAndSaves/main/DEMO_SURFACE_SBPD_A_Incident_5_PS.dsav, https://broker.endpoints.service-project-us-dev-3f0c.cloud.goog?app=drilling-simulator&drillSimFile=https://raw.githubusercontent.com/endeavortechnologies/modulesAndSaves/main/DEMO_SURFACE_SBPD_A_Incident_5_PS.dsav, undefined"
"https://broker.endpoints.service-project-us-prod-1a95.cloud.goog?app=drilling-simulator&drillSimFile=https://raw.githubusercontent.com/endeavortechnologies/modulesAndSaves/main/DEMO_SURFACE_SBPD_A_Incident_6_PB.dsav, https://broker.endpoints.service-project-us-dev-3f0c.cloud.goog?app=drilling-simulator&drillSimFile=https://raw.githubusercontent.com/endeavortechnologies/modulesAndSaves/main/DEMO_SURFACE_SBPD_A_Incident_6_PB.dsav, undefined"
"https://broker.endpoints.service-project-us-prod-1a95.cloud.goog?app=drilling-simulator&drillSimFile=https://raw.githubusercontent.com/endeavortechnologies/modulesAndSaves/main/DEMO_SURFACE_SBPD_A_Incident_7_WB.dsav, https://broker.endpoints.service-project-us-dev-3f0c.cloud.goog?app=drilling-simulator&drillSimFile=https://raw.githubusercontent.com/endeavortechnologies/modulesAndSaves/main/DEMO_SURFACE_SBPD_A_Incident_7_WB.dsav, undefined"
"https://broker.endpoints.service-project-us-prod-1a95.cloud.goog?app=drilling-simulator&drillSimFile=https://raw.githubusercontent.com/endeavortechnologies/modulesAndSaves/main/DEMO_SURFACE_SBPD_A_Incident_8_PF.dsav, https://broker.endpoints.service-project-us-dev-3f0c.cloud.goog?app=drilling-simulator&drillSimFile=https://raw.githubusercontent.com/endeavortechnologies/modulesAndSaves/main/DEMO_SURFACE_SBPD_A_Incident_8_PF.dsav, undefined"
"https://broker.endpoints.service-project-us-prod-1a95.cloud.goog?app=drilling-simulator&drillSimFile=https://raw.githubusercontent.com/endeavortechnologies/modulesAndSaves/main/DEMO_SURFACE_SBPD_A_Incident_9_CP.dsav, https://broker.endpoints.service-project-us-dev-3f0c.cloud.goog?app=drilling-simulator&drillSimFile=https://raw.githubusercontent.com/endeavortechnologies/modulesAndSaves/main/DEMO_SURFACE_SBPD_A_Incident_9_CP.dsav, undefined"
"https://broker.endpoints.service-project-us-prod-1a95.cloud.goog?app=drilling-simulator&drillSimFile=https://raw.githubusercontent.com/endeavortechnologies/modulesAndSaves/main/DEMO_SURFACE_SBPD_A_new.dsav, https://broker.endpoints.service-project-us-dev-3f0c.cloud.goog?app=drilling-simulator&drillSimFile=https://raw.githubusercontent.com/endeavortechnologies/modulesAndSaves/main/DEMO_SURFACE_SBPD_A_new.dsav, undefined"
"https://broker.endpoints.service-project-us-prod-1a95.cloud.goog?app=drilling-simulator&drillSimFile=https://raw.githubusercontent.com/endeavortechnologies/modulesAndSaves/main/DEMO_SURFACE_V2_SBPD_B.dsts, https://broker.endpoints.service-project-us-dev-3f0c.cloud.goog?app=drilling-simulator&drillSimFile=https://raw.githubusercontent.com/endeavortechnologies/modulesAndSaves/main/DEMO_SURFACE_V2_SBPD_B.dsts, undefined"
"https://broker.endpoints.service-project-us-prod-1a95.cloud.goog?app=drilling-simulator&drillSimFile=https://raw.githubusercontent.com/endeavortechnologies/modulesAndSaves/main/DEMO_WITHJAR.dsts, https://broker.endpoints.service-project-us-dev-3f0c.cloud.goog?app=drilling-simulator&drillSimFile=https://raw.githubusercontent.com/endeavortechnologies/modulesAndSaves/main/DEMO_WITHJAR.dsts, undefined"
"https://broker.endpoints.service-project-us-prod-1a95.cloud.goog?app=drilling-simulator&drillSimFile=https://raw.githubusercontent.com/endeavortechnologies/modulesAndSaves/main/DEMO___DRILLINGSTS_THISISTHELOCALDRIVE.dsts, https://broker.endpoints.service-project-us-dev-3f0c.cloud.goog?app=drilling-simulator&drillSimFile=https://raw.githubusercontent.com/endeavortechnologies/modulesAndSaves/main/DEMO___DRILLINGSTS_THISISTHELOCALDRIVE.dsts, undefined"
"https://broker.endpoints.service-project-us-prod-1a95.cloud.goog?app=drilling-simulator&drillSimFile=https://raw.githubusercontent.com/endeavortechnologies/modulesAndSaves/main/drillingBreakandFlowCheck.DSTS, https://broker.endpoints.service-project-us-dev-3f0c.cloud.goog?app=drilling-simulator&drillSimFile=https://raw.githubusercontent.com/endeavortechnologies/modulesAndSaves/main/drillingBreakandFlowCheck.DSTS, undefined"
"https://broker.endpoints.service-project-us-prod-1a95.cloud.goog?app=drilling-simulator&drillSimFile=https://raw.githubusercontent.com/endeavortechnologies/modulesAndSaves/main/ENDEAVOR_WIRELINE_WELL_01.DSTS, https://broker.endpoints.service-project-us-dev-3f0c.cloud.goog?app=drilling-simulator&drillSimFile=https://raw.githubusercontent.com/endeavortechnologies/modulesAndSaves/main/ENDEAVOR_WIRELINE_WELL_01.DSTS, undefined"
"https://broker.endpoints.service-project-us-prod-1a95.cloud.goog?app=drilling-simulator&drillSimFile=https://raw.githubusercontent.com/endeavortechnologies/modulesAndSaves/main/ENDEAVOR_WIRELINE_WELL_01_WITH STRING.DSTS, https://broker.endpoints.service-project-us-dev-3f0c.cloud.goog?app=drilling-simulator&drillSimFile=https://raw.githubusercontent.com/endeavortechnologies/modulesAndSaves/main/ENDEAVOR_WIRELINE_WELL_01_WITH STRING.DSTS, undefined"
"https://broker.endpoints.service-project-us-prod-1a95.cloud.goog?app=drilling-simulator&drillSimFile=https://raw.githubusercontent.com/endeavortechnologies/modulesAndSaves/main/ENDEAVOR_WIRELINE_WELL_02.DSTS, https://broker.endpoints.service-project-us-dev-3f0c.cloud.goog?app=drilling-simulator&drillSimFile=https://raw.githubusercontent.com/endeavortechnologies/modulesAndSaves/main/ENDEAVOR_WIRELINE_WELL_02.DSTS, undefined"
"https://broker.endpoints.service-project-us-prod-1a95.cloud.goog?app=drilling-simulator&drillSimFile=https://raw.githubusercontent.com/endeavortechnologies/modulesAndSaves/main/ENDEAVOR_WIRELINE_WELL_02_WITH STRING.DSTS, https://broker.endpoints.service-project-us-dev-3f0c.cloud.goog?app=drilling-simulator&drillSimFile=https://raw.githubusercontent.com/endeavortechnologies/modulesAndSaves/main/ENDEAVOR_WIRELINE_WELL_02_WITH STRING.DSTS, undefined"
"https://broker.endpoints.service-project-us-prod-1a95.cloud.goog?app=drilling-simulator&drillSimFile=https://raw.githubusercontent.com/endeavortechnologies/modulesAndSaves/main/ENDEAVOR_WIRELINE_WELL_03.DSTS, https://broker.endpoints.service-project-us-dev-3f0c.cloud.goog?app=drilling-simulator&drillSimFile=https://raw.githubusercontent.com/endeavortechnologies/modulesAndSaves/main/ENDEAVOR_WIRELINE_WELL_03.DSTS, undefined"
"https://broker.endpoints.service-project-us-prod-1a95.cloud.goog?app=drilling-simulator&drillSimFile=https://raw.githubusercontent.com/endeavortechnologies/modulesAndSaves/main/ENDEAVOR_WIRELINE_WELL_03_WITH STRING.DSTS, https://broker.endpoints.service-project-us-dev-3f0c.cloud.goog?app=drilling-simulator&drillSimFile=https://raw.githubusercontent.com/endeavortechnologies/modulesAndSaves/main/ENDEAVOR_WIRELINE_WELL_03_WITH STRING.DSTS, undefined"
"https://broker.endpoints.service-project-us-prod-1a95.cloud.goog?app=drilling-simulator&drillSimFile=https://raw.githubusercontent.com/endeavortechnologies/modulesAndSaves/main/ENDEAVOR_WIRELINE_WELL_04.DSTS, https://broker.endpoints.service-project-us-dev-3f0c.cloud.goog?app=drilling-simulator&drillSimFile=https://raw.githubusercontent.com/endeavortechnologies/modulesAndSaves/main/ENDEAVOR_WIRELINE_WELL_04.DSTS, undefined"
"https://broker.endpoints.service-project-us-prod-1a95.cloud.goog?app=drilling-simulator&drillSimFile=https://raw.githubusercontent.com/endeavortechnologies/modulesAndSaves/main/ENDEAVOR_WIRELINE_WELL_04_WITH STRING.DSTS, https://broker.endpoints.service-project-us-dev-3f0c.cloud.goog?app=drilling-simulator&drillSimFile=https://raw.githubusercontent.com/endeavortechnologies/modulesAndSaves/main/ENDEAVOR_WIRELINE_WELL_04_WITH STRING.DSTS, undefined"
"https://broker.endpoints.service-project-us-prod-1a95.cloud.goog?app=drilling-simulator&drillSimFile=https://raw.githubusercontent.com/endeavortechnologies/modulesAndSaves/main/ENDEAVOR_WIRELINE_WELL_05.DSTS, https://broker.endpoints.service-project-us-dev-3f0c.cloud.goog?app=drilling-simulator&drillSimFile=https://raw.githubusercontent.com/endeavortechnologies/modulesAndSaves/main/ENDEAVOR_WIRELINE_WELL_05.DSTS, undefined"
"https://broker.endpoints.service-project-us-prod-1a95.cloud.goog?app=drilling-simulator&drillSimFile=https://raw.githubusercontent.com/endeavortechnologies/modulesAndSaves/main/ENDEAVOR_WIRELINE_WELL_05_WITH STRING.DSTS, https://broker.endpoints.service-project-us-dev-3f0c.cloud.goog?app=drilling-simulator&drillSimFile=https://raw.githubusercontent.com/endeavortechnologies/modulesAndSaves/main/ENDEAVOR_WIRELINE_WELL_05_WITH STRING.DSTS, undefined"
"https://broker.endpoints.service-project-us-prod-1a95.cloud.goog?app=drilling-simulator&drillSimFile=https://raw.githubusercontent.com/endeavortechnologies/modulesAndSaves/main/ENDEAVOR_WIRELINE_WELL_06.DSTS, https://broker.endpoints.service-project-us-dev-3f0c.cloud.goog?app=drilling-simulator&drillSimFile=https://raw.githubusercontent.com/endeavortechnologies/modulesAndSaves/main/ENDEAVOR_WIRELINE_WELL_06.DSTS, undefined"
"https://broker.endpoints.service-project-us-prod-1a95.cloud.goog?app=drilling-simulator&drillSimFile=https://raw.githubusercontent.com/endeavortechnologies/modulesAndSaves/main/ENDEAVOR_WIRELINE_WELL_06_WITH STRING.DSTS, https://broker.endpoints.service-project-us-dev-3f0c.cloud.goog?app=drilling-simulator&drillSimFile=https://raw.githubusercontent.com/endeavortechnologies/modulesAndSaves/main/ENDEAVOR_WIRELINE_WELL_06_WITH STRING.DSTS, undefined"
"https://broker.endpoints.service-project-us-prod-1a95.cloud.goog?app=drilling-simulator&drillSimFile=https://raw.githubusercontent.com/endeavortechnologies/modulesAndSaves/main/ENDEAVOR_WIRELINE_WELL_07.DSTS, https://broker.endpoints.service-project-us-dev-3f0c.cloud.goog?app=drilling-simulator&drillSimFile=https://raw.githubusercontent.com/endeavortechnologies/modulesAndSaves/main/ENDEAVOR_WIRELINE_WELL_07.DSTS, undefined"
"https://broker.endpoints.service-project-us-prod-1a95.cloud.goog?app=drilling-simulator&drillSimFile=https://raw.githubusercontent.com/endeavortechnologies/modulesAndSaves/main/ENDEAVOR_WIRELINE_WELL_07_WITH STRING.DSTS, https://broker.endpoints.service-project-us-dev-3f0c.cloud.goog?app=drilling-simulator&drillSimFile=https://raw.githubusercontent.com/endeavortechnologies/modulesAndSaves/main/ENDEAVOR_WIRELINE_WELL_07_WITH STRING.DSTS, undefined"
"https://broker.endpoints.service-project-us-prod-1a95.cloud.goog?app=drilling-simulator&drillSimFile=https://raw.githubusercontent.com/endeavortechnologies/modulesAndSaves/main/ENDEAVOR_WIRELINE_WELL_08.DSTS, https://broker.endpoints.service-project-us-dev-3f0c.cloud.goog?app=drilling-simulator&drillSimFile=https://raw.githubusercontent.com/endeavortechnologies/modulesAndSaves/main/ENDEAVOR_WIRELINE_WELL_08.DSTS, undefined"
"https://broker.endpoints.service-project-us-prod-1a95.cloud.goog?app=drilling-simulator&drillSimFile=https://raw.githubusercontent.com/endeavortechnologies/modulesAndSaves/main/ENDEAVOR_WIRELINE_WELL_08_WITH STRING.DSTS, https://broker.endpoints.service-project-us-dev-3f0c.cloud.goog?app=drilling-simulator&drillSimFile=https://raw.githubusercontent.com/endeavortechnologies/modulesAndSaves/main/ENDEAVOR_WIRELINE_WELL_08_WITH STRING.DSTS, undefined"
"https://broker.endpoints.service-project-us-prod-1a95.cloud.goog?app=drilling-simulator&drillSimFile=https://raw.githubusercontent.com/endeavortechnologies/modulesAndSaves/main/ENDEAVOR_WIRELINE_WELL_09.DSTS, https://broker.endpoints.service-project-us-dev-3f0c.cloud.goog?app=drilling-simulator&drillSimFile=https://raw.githubusercontent.com/endeavortechnologies/modulesAndSaves/main/ENDEAVOR_WIRELINE_WELL_09.DSTS, undefined"
"https://broker.endpoints.service-project-us-prod-1a95.cloud.goog?app=drilling-simulator&drillSimFile=https://raw.githubusercontent.com/endeavortechnologies/modulesAndSaves/main/ENDEAVOR_WIRELINE_WELL_09_WITH STRING.DSTS, https://broker.endpoints.service-project-us-dev-3f0c.cloud.goog?app=drilling-simulator&drillSimFile=https://raw.githubusercontent.com/endeavortechnologies/modulesAndSaves/main/ENDEAVOR_WIRELINE_WELL_09_WITH STRING.DSTS, undefined"
"https://broker.endpoints.service-project-us-prod-1a95.cloud.goog?app=drilling-simulator&drillSimFile=https://raw.githubusercontent.com/endeavortechnologies/modulesAndSaves/main/ENDEAVOR_WIRELINE_WELL_10.DSTS, https://broker.endpoints.service-project-us-dev-3f0c.cloud.goog?app=drilling-simulator&drillSimFile=https://raw.githubusercontent.com/endeavortechnologies/modulesAndSaves/main/ENDEAVOR_WIRELINE_WELL_10.DSTS, undefined"
"https://broker.endpoints.service-project-us-prod-1a95.cloud.goog?app=drilling-simulator&drillSimFile=https://raw.githubusercontent.com/endeavortechnologies/modulesAndSaves/main/ENDEAVOR_WIRELINE_WELL_10_WITH STRING.DSTS, https://broker.endpoints.service-project-us-dev-3f0c.cloud.goog?app=drilling-simulator&drillSimFile=https://raw.githubusercontent.com/endeavortechnologies/modulesAndSaves/main/ENDEAVOR_WIRELINE_WELL_10_WITH STRING.DSTS, undefined"
"https://broker.endpoints.service-project-us-prod-1a95.cloud.goog?app=drilling-simulator&drillSimFile=https://raw.githubusercontent.com/endeavortechnologies/modulesAndSaves/main/ENDEAVOR_WIRELINE_WELL_11.DSTS, https://broker.endpoints.service-project-us-dev-3f0c.cloud.goog?app=drilling-simulator&drillSimFile=https://raw.githubusercontent.com/endeavortechnologies/modulesAndSaves/main/ENDEAVOR_WIRELINE_WELL_11.DSTS, undefined"
"https://broker.endpoints.service-project-us-prod-1a95.cloud.goog?app=drilling-simulator&drillSimFile=https://raw.githubusercontent.com/endeavortechnologies/modulesAndSaves/main/ENDEAVOR_WIRELINE_WELL_11_WITH STRING.DSTS, https://broker.endpoints.service-project-us-dev-3f0c.cloud.goog?app=drilling-simulator&drillSimFile=https://raw.githubusercontent.com/endeavortechnologies/modulesAndSaves/main/ENDEAVOR_WIRELINE_WELL_11_WITH STRING.DSTS, undefined"
"https://broker.endpoints.service-project-us-prod-1a95.cloud.goog?app=drilling-simulator&drillSimFile=https://raw.githubusercontent.com/endeavortechnologies/modulesAndSaves/main/EXXON_EXXON_SUBSEA_C.dsav, https://broker.endpoints.service-project-us-dev-3f0c.cloud.goog?app=drilling-simulator&drillSimFile=https://raw.githubusercontent.com/endeavortechnologies/modulesAndSaves/main/EXXON_EXXON_SUBSEA_C.dsav, undefined"
"https://broker.endpoints.service-project-us-prod-1a95.cloud.goog?app=drilling-simulator&drillSimFile=https://raw.githubusercontent.com/endeavortechnologies/modulesAndSaves/main/EXXON_EXXON_SUBSEA_C_BOTHANNULARS.dsav, https://broker.endpoints.service-project-us-dev-3f0c.cloud.goog?app=drilling-simulator&drillSimFile=https://raw.githubusercontent.com/endeavortechnologies/modulesAndSaves/main/EXXON_EXXON_SUBSEA_C_BOTHANNULARS.dsav, undefined"
"https://broker.endpoints.service-project-us-prod-1a95.cloud.goog?app=drilling-simulator&drillSimFile=https://raw.githubusercontent.com/endeavortechnologies/modulesAndSaves/main/EXXON_EXXON_SUBSEA_C_PLUGGEDCHOKE1.dsav, https://broker.endpoints.service-project-us-dev-3f0c.cloud.goog?app=drilling-simulator&drillSimFile=https://raw.githubusercontent.com/endeavortechnologies/modulesAndSaves/main/EXXON_EXXON_SUBSEA_C_PLUGGEDCHOKE1.dsav, undefined"
"https://broker.endpoints.service-project-us-prod-1a95.cloud.goog?app=drilling-simulator&drillSimFile=https://raw.githubusercontent.com/endeavortechnologies/modulesAndSaves/main/EXXON_EXXON_SUBSEA_C_PLUGGEDCHOKE2.dsav, https://broker.endpoints.service-project-us-dev-3f0c.cloud.goog?app=drilling-simulator&drillSimFile=https://raw.githubusercontent.com/endeavortechnologies/modulesAndSaves/main/EXXON_EXXON_SUBSEA_C_PLUGGEDCHOKE2.dsav, undefined"
"https://broker.endpoints.service-project-us-prod-1a95.cloud.goog?app=drilling-simulator&drillSimFile=https://raw.githubusercontent.com/endeavortechnologies/modulesAndSaves/main/EXXON_EXXON_SUBSEA_C_PLUGNOZZLE.dsav, https://broker.endpoints.service-project-us-dev-3f0c.cloud.goog?app=drilling-simulator&drillSimFile=https://raw.githubusercontent.com/endeavortechnologies/modulesAndSaves/main/EXXON_EXXON_SUBSEA_C_PLUGNOZZLE.dsav, undefined"
"https://broker.endpoints.service-project-us-prod-1a95.cloud.goog?app=drilling-simulator&drillSimFile=https://raw.githubusercontent.com/endeavortechnologies/modulesAndSaves/main/EXXON_EXXON_SUBSEA_C_PUMP1FAILURE.dsav, https://broker.endpoints.service-project-us-dev-3f0c.cloud.goog?app=drilling-simulator&drillSimFile=https://raw.githubusercontent.com/endeavortechnologies/modulesAndSaves/main/EXXON_EXXON_SUBSEA_C_PUMP1FAILURE.dsav, undefined"
"https://broker.endpoints.service-project-us-prod-1a95.cloud.goog?app=drilling-simulator&drillSimFile=https://raw.githubusercontent.com/endeavortechnologies/modulesAndSaves/main/EXXON_EXXON_SUBSEA_C_PUMP2FAILURE.dsav, https://broker.endpoints.service-project-us-dev-3f0c.cloud.goog?app=drilling-simulator&drillSimFile=https://raw.githubusercontent.com/endeavortechnologies/modulesAndSaves/main/EXXON_EXXON_SUBSEA_C_PUMP2FAILURE.dsav, undefined"
"https://broker.endpoints.service-project-us-prod-1a95.cloud.goog?app=drilling-simulator&drillSimFile=https://raw.githubusercontent.com/endeavortechnologies/modulesAndSaves/main/EXXON_EXXON_SUBSEA_C_WASHEDCHOKE1.dsav, https://broker.endpoints.service-project-us-dev-3f0c.cloud.goog?app=drilling-simulator&drillSimFile=https://raw.githubusercontent.com/endeavortechnologies/modulesAndSaves/main/EXXON_EXXON_SUBSEA_C_WASHEDCHOKE1.dsav, undefined"
"https://broker.endpoints.service-project-us-prod-1a95.cloud.goog?app=drilling-simulator&drillSimFile=https://raw.githubusercontent.com/endeavortechnologies/modulesAndSaves/main/EXXON_EXXON_SUBSEA_C_WASHEDCHOKE2.dsav, https://broker.endpoints.service-project-us-dev-3f0c.cloud.goog?app=drilling-simulator&drillSimFile=https://raw.githubusercontent.com/endeavortechnologies/modulesAndSaves/main/EXXON_EXXON_SUBSEA_C_WASHEDCHOKE2.dsav, undefined"
"https://broker.endpoints.service-project-us-prod-1a95.cloud.goog?app=drilling-simulator&drillSimFile=https://raw.githubusercontent.com/endeavortechnologies/modulesAndSaves/main/EXXON_MASTER_-_SSWC_SURFACE_VERTICAL.dsts, https://broker.endpoints.service-project-us-dev-3f0c.cloud.goog?app=drilling-simulator&drillSimFile=https://raw.githubusercontent.com/endeavortechnologies/modulesAndSaves/main/EXXON_MASTER_-_SSWC_SURFACE_VERTICAL.dsts, undefined"
"https://broker.endpoints.service-project-us-prod-1a95.cloud.goog?app=drilling-simulator&drillSimFile=https://raw.githubusercontent.com/endeavortechnologies/modulesAndSaves/main/EXXON_SAVE_1_-_SHUT_IN_ON_10_BBL_INFLUX.dsav, https://broker.endpoints.service-project-us-dev-3f0c.cloud.goog?app=drilling-simulator&drillSimFile=https://raw.githubusercontent.com/endeavortechnologies/modulesAndSaves/main/EXXON_SAVE_1_-_SHUT_IN_ON_10_BBL_INFLUX.dsav, undefined"
"https://broker.endpoints.service-project-us-prod-1a95.cloud.goog?app=drilling-simulator&drillSimFile=https://raw.githubusercontent.com/endeavortechnologies/modulesAndSaves/main/EXXON_SAVE_1_-_SHUT_IN_ON_INFLUX.dsav, https://broker.endpoints.service-project-us-dev-3f0c.cloud.goog?app=drilling-simulator&drillSimFile=https://raw.githubusercontent.com/endeavortechnologies/modulesAndSaves/main/EXXON_SAVE_1_-_SHUT_IN_ON_INFLUX.dsav, undefined"
"https://broker.endpoints.service-project-us-prod-1a95.cloud.goog?app=drilling-simulator&drillSimFile=https://raw.githubusercontent.com/endeavortechnologies/modulesAndSaves/main/EXXON_SAVE_2_-_GAS_AT_SURFACE_-_DM_-_30_SPM.dsav, https://broker.endpoints.service-project-us-dev-3f0c.cloud.goog?app=drilling-simulator&drillSimFile=https://raw.githubusercontent.com/endeavortechnologies/modulesAndSaves/main/EXXON_SAVE_2_-_GAS_AT_SURFACE_-_DM_-_30_SPM.dsav, undefined"
"https://broker.endpoints.service-project-us-prod-1a95.cloud.goog?app=drilling-simulator&drillSimFile=https://raw.githubusercontent.com/endeavortechnologies/modulesAndSaves/main/EXXON_SAVE_2_-_WW_-_GAS_AT_CHOKE.dsav, https://broker.endpoints.service-project-us-dev-3f0c.cloud.goog?app=drilling-simulator&drillSimFile=https://raw.githubusercontent.com/endeavortechnologies/modulesAndSaves/main/EXXON_SAVE_2_-_WW_-_GAS_AT_CHOKE.dsav, undefined"
"https://broker.endpoints.service-project-us-prod-1a95.cloud.goog?app=drilling-simulator&drillSimFile=https://raw.githubusercontent.com/endeavortechnologies/modulesAndSaves/main/EXXON_SAVE_3_-_GAS_OUT_SHUT_IN_-_DM.dsav, https://broker.endpoints.service-project-us-dev-3f0c.cloud.goog?app=drilling-simulator&drillSimFile=https://raw.githubusercontent.com/endeavortechnologies/modulesAndSaves/main/EXXON_SAVE_3_-_GAS_OUT_SHUT_IN_-_DM.dsav, undefined"
"https://broker.endpoints.service-project-us-prod-1a95.cloud.goog?app=drilling-simulator&drillSimFile=https://raw.githubusercontent.com/endeavortechnologies/modulesAndSaves/main/EXXON_SUBSEA_VERTICAL.dsts, https://broker.endpoints.service-project-us-dev-3f0c.cloud.goog?app=drilling-simulator&drillSimFile=https://raw.githubusercontent.com/endeavortechnologies/modulesAndSaves/main/EXXON_SUBSEA_VERTICAL.dsts, undefined"
"https://broker.endpoints.service-project-us-prod-1a95.cloud.goog?app=drilling-simulator&drillSimFile=https://raw.githubusercontent.com/endeavortechnologies/modulesAndSaves/main/EXXON_TEXADA_1_SPP_CHOKE_DRILL.dsav, https://broker.endpoints.service-project-us-dev-3f0c.cloud.goog?app=drilling-simulator&drillSimFile=https://raw.githubusercontent.com/endeavortechnologies/modulesAndSaves/main/EXXON_TEXADA_1_SPP_CHOKE_DRILL.dsav, undefined"
"https://broker.endpoints.service-project-us-prod-1a95.cloud.goog?app=drilling-simulator&drillSimFile=https://raw.githubusercontent.com/endeavortechnologies/modulesAndSaves/main/EXXON_TEXADA_2_DRILLAHEAD_TAKE_KICK.dsav, https://broker.endpoints.service-project-us-dev-3f0c.cloud.goog?app=drilling-simulator&drillSimFile=https://raw.githubusercontent.com/endeavortechnologies/modulesAndSaves/main/EXXON_TEXADA_2_DRILLAHEAD_TAKE_KICK.dsav, undefined"
"https://broker.endpoints.service-project-us-prod-1a95.cloud.goog?app=drilling-simulator&drillSimFile=https://raw.githubusercontent.com/endeavortechnologies/modulesAndSaves/main/EXXON_TEXADA_3_DRILLERS_1ST_CIRC.dsav, https://broker.endpoints.service-project-us-dev-3f0c.cloud.goog?app=drilling-simulator&drillSimFile=https://raw.githubusercontent.com/endeavortechnologies/modulesAndSaves/main/EXXON_TEXADA_3_DRILLERS_1ST_CIRC.dsav, undefined"
"https://broker.endpoints.service-project-us-prod-1a95.cloud.goog?app=drilling-simulator&drillSimFile=https://raw.githubusercontent.com/endeavortechnologies/modulesAndSaves/main/EXXON_TEXADA_4_GAS_BELOW_BOP_30SPM.dsav, https://broker.endpoints.service-project-us-dev-3f0c.cloud.goog?app=drilling-simulator&drillSimFile=https://raw.githubusercontent.com/endeavortechnologies/modulesAndSaves/main/EXXON_TEXADA_4_GAS_BELOW_BOP_30SPM.dsav, undefined"
"https://broker.endpoints.service-project-us-prod-1a95.cloud.goog?app=drilling-simulator&drillSimFile=https://raw.githubusercontent.com/endeavortechnologies/modulesAndSaves/main/EXXON_TEXADA_5_DRILLERS_2ND_CIRC.dsav, https://broker.endpoints.service-project-us-dev-3f0c.cloud.goog?app=drilling-simulator&drillSimFile=https://raw.githubusercontent.com/endeavortechnologies/modulesAndSaves/main/EXXON_TEXADA_5_DRILLERS_2ND_CIRC.dsav, undefined"
"https://broker.endpoints.service-project-us-prod-1a95.cloud.goog?app=drilling-simulator&drillSimFile=https://raw.githubusercontent.com/endeavortechnologies/modulesAndSaves/main/EXXON_TEXADA_6_DRILLERS_1ST_CIRC_MALFUNCTIONS.dsav, https://broker.endpoints.service-project-us-dev-3f0c.cloud.goog?app=drilling-simulator&drillSimFile=https://raw.githubusercontent.com/endeavortechnologies/modulesAndSaves/main/EXXON_TEXADA_6_DRILLERS_1ST_CIRC_MALFUNCTIONS.dsav, undefined"
"https://broker.endpoints.service-project-us-prod-1a95.cloud.goog?app=drilling-simulator&drillSimFile=https://raw.githubusercontent.com/endeavortechnologies/modulesAndSaves/main/EXXON_TEXADA_6_DRILLERS_1ST_CIRC_MALFUNCTIONS_1.dsav, https://broker.endpoints.service-project-us-dev-3f0c.cloud.goog?app=drilling-simulator&drillSimFile=https://raw.githubusercontent.com/endeavortechnologies/modulesAndSaves/main/EXXON_TEXADA_6_DRILLERS_1ST_CIRC_MALFUNCTIONS_1.dsav, undefined"
"https://broker.endpoints.service-project-us-prod-1a95.cloud.goog?app=drilling-simulator&drillSimFile=https://raw.githubusercontent.com/endeavortechnologies/modulesAndSaves/main/EXXON_TEXADA_6_DRILLERS_1ST_CIRC_MALFUNCTIONS_2.dsav, https://broker.endpoints.service-project-us-dev-3f0c.cloud.goog?app=drilling-simulator&drillSimFile=https://raw.githubusercontent.com/endeavortechnologies/modulesAndSaves/main/EXXON_TEXADA_6_DRILLERS_1ST_CIRC_MALFUNCTIONS_2.dsav, undefined"
"https://broker.endpoints.service-project-us-prod-1a95.cloud.goog?app=drilling-simulator&drillSimFile=https://raw.githubusercontent.com/endeavortechnologies/modulesAndSaves/main/EXXON_TEXADA_6_DRILLERS_1ST_CIRC_MALFUNCTIONS_3.dsav, https://broker.endpoints.service-project-us-dev-3f0c.cloud.goog?app=drilling-simulator&drillSimFile=https://raw.githubusercontent.com/endeavortechnologies/modulesAndSaves/main/EXXON_TEXADA_6_DRILLERS_1ST_CIRC_MALFUNCTIONS_3.dsav, undefined"
"https://broker.endpoints.service-project-us-prod-1a95.cloud.goog?app=drilling-simulator&drillSimFile=https://raw.githubusercontent.com/endeavortechnologies/modulesAndSaves/main/EXXON_TEXADA_6_DRILLERS_1ST_CIRC_MALFUNCTIONS_4.dsav, https://broker.endpoints.service-project-us-dev-3f0c.cloud.goog?app=drilling-simulator&drillSimFile=https://raw.githubusercontent.com/endeavortechnologies/modulesAndSaves/main/EXXON_TEXADA_6_DRILLERS_1ST_CIRC_MALFUNCTIONS_4.dsav, undefined"
"https://broker.endpoints.service-project-us-prod-1a95.cloud.goog?app=drilling-simulator&drillSimFile=https://raw.githubusercontent.com/endeavortechnologies/modulesAndSaves/main/EXXON_TEXADA_6_DRILLERS_1ST_CIRC_MALFUNCTIONS_5.dsav, https://broker.endpoints.service-project-us-dev-3f0c.cloud.goog?app=drilling-simulator&drillSimFile=https://raw.githubusercontent.com/endeavortechnologies/modulesAndSaves/main/EXXON_TEXADA_6_DRILLERS_1ST_CIRC_MALFUNCTIONS_5.dsav, undefined"
"https://broker.endpoints.service-project-us-prod-1a95.cloud.goog?app=drilling-simulator&drillSimFile=https://raw.githubusercontent.com/endeavortechnologies/modulesAndSaves/main/EXXON_TEXADA_MASTER_18199_SWD_DRILLERS.dsts, https://broker.endpoints.service-project-us-dev-3f0c.cloud.goog?app=drilling-simulator&drillSimFile=https://raw.githubusercontent.com/endeavortechnologies/modulesAndSaves/main/EXXON_TEXADA_MASTER_18199_SWD_DRILLERS.dsts, undefined"
"https://broker.endpoints.service-project-us-prod-1a95.cloud.goog?app=drilling-simulator&drillSimFile=https://raw.githubusercontent.com/endeavortechnologies/modulesAndSaves/main/Fishing.DSTS, https://broker.endpoints.service-project-us-dev-3f0c.cloud.goog?app=drilling-simulator&drillSimFile=https://raw.githubusercontent.com/endeavortechnologies/modulesAndSaves/main/Fishing.DSTS, undefined"
"https://broker.endpoints.service-project-us-prod-1a95.cloud.goog?app=drilling-simulator&drillSimFile=https://raw.githubusercontent.com/endeavortechnologies/modulesAndSaves/main/GENERICTEST_BAKER-DEMO-FINAL.dsav, https://broker.endpoints.service-project-us-dev-3f0c.cloud.goog?app=drilling-simulator&drillSimFile=https://raw.githubusercontent.com/endeavortechnologies/modulesAndSaves/main/GENERICTEST_BAKER-DEMO-FINAL.dsav, undefined"
"https://broker.endpoints.service-project-us-prod-1a95.cloud.goog?app=drilling-simulator&drillSimFile=https://raw.githubusercontent.com/endeavortechnologies/modulesAndSaves/main/GENERICTEST_DIRECTIONAL_DRILLING_30_DEG.dsav, https://broker.endpoints.service-project-us-dev-3f0c.cloud.goog?app=drilling-simulator&drillSimFile=https://raw.githubusercontent.com/endeavortechnologies/modulesAndSaves/main/GENERICTEST_DIRECTIONAL_DRILLING_30_DEG.dsav, undefined"
"https://broker.endpoints.service-project-us-prod-1a95.cloud.goog?app=drilling-simulator&drillSimFile=https://raw.githubusercontent.com/endeavortechnologies/modulesAndSaves/main/GENERICTEST_V2HYDRAULICS.dsts, https://broker.endpoints.service-project-us-dev-3f0c.cloud.goog?app=drilling-simulator&drillSimFile=https://raw.githubusercontent.com/endeavortechnologies/modulesAndSaves/main/GENERICTEST_V2HYDRAULICS.dsts, undefined"
"https://broker.endpoints.service-project-us-prod-1a95.cloud.goog?app=drilling-simulator&drillSimFile=https://raw.githubusercontent.com/endeavortechnologies/modulesAndSaves/main/GENERICTEST_V2HYDRAULICS.dsts, https://broker.endpoints.service-project-us-dev-3f0c.cloud.goog?app=drilling-simulator&drillSimFile=https://raw.githubusercontent.com/endeavortechnologies/modulesAndSaves/main/GENERICTEST_V2HYDRAULICS.dsts, undefined"
"https://broker.endpoints.service-project-us-prod-1a95.cloud.goog?app=drilling-simulator&drillSimFile=https://raw.githubusercontent.com/endeavortechnologies/modulesAndSaves/main/HOW_TO_DRILLING.dsav, https://broker.endpoints.service-project-us-dev-3f0c.cloud.goog?app=drilling-simulator&drillSimFile=https://raw.githubusercontent.com/endeavortechnologies/modulesAndSaves/main/HOW_TO_DRILLING.dsav, undefined"
"https://broker.endpoints.service-project-us-prod-1a95.cloud.goog?app=drilling-simulator&drillSimFile=https://raw.githubusercontent.com/endeavortechnologies/modulesAndSaves/main/IADC_SUBSEA_1.dsav, https://broker.endpoints.service-project-us-dev-3f0c.cloud.goog?app=drilling-simulator&drillSimFile=https://raw.githubusercontent.com/endeavortechnologies/modulesAndSaves/main/IADC_SUBSEA_1.dsav, undefined"
"https://broker.endpoints.service-project-us-prod-1a95.cloud.goog?app=drilling-simulator&drillSimFile=https://raw.githubusercontent.com/endeavortechnologies/modulesAndSaves/main/IADC_SUBSEA_2.dsav, https://broker.endpoints.service-project-us-dev-3f0c.cloud.goog?app=drilling-simulator&drillSimFile=https://raw.githubusercontent.com/endeavortechnologies/modulesAndSaves/main/IADC_SUBSEA_2.dsav, undefined"
"https://broker.endpoints.service-project-us-prod-1a95.cloud.goog?app=drilling-simulator&drillSimFile=https://raw.githubusercontent.com/endeavortechnologies/modulesAndSaves/main/IADC_SUBSEA_3.dsav, https://broker.endpoints.service-project-us-dev-3f0c.cloud.goog?app=drilling-simulator&drillSimFile=https://raw.githubusercontent.com/endeavortechnologies/modulesAndSaves/main/IADC_SUBSEA_3.dsav, undefined"
"https://broker.endpoints.service-project-us-prod-1a95.cloud.goog?app=drilling-simulator&drillSimFile=https://raw.githubusercontent.com/endeavortechnologies/modulesAndSaves/main/IADC_SUBSEA_4.dsav, https://broker.endpoints.service-project-us-dev-3f0c.cloud.goog?app=drilling-simulator&drillSimFile=https://raw.githubusercontent.com/endeavortechnologies/modulesAndSaves/main/IADC_SUBSEA_4.dsav, undefined"
"https://broker.endpoints.service-project-us-prod-1a95.cloud.goog?app=drilling-simulator&drillSimFile=https://raw.githubusercontent.com/endeavortechnologies/modulesAndSaves/main/IADC_SUBSEA_5.dsav, https://broker.endpoints.service-project-us-dev-3f0c.cloud.goog?app=drilling-simulator&drillSimFile=https://raw.githubusercontent.com/endeavortechnologies/modulesAndSaves/main/IADC_SUBSEA_5.dsav, undefined"
"https://broker.endpoints.service-project-us-prod-1a95.cloud.goog?app=drilling-simulator&drillSimFile=https://raw.githubusercontent.com/endeavortechnologies/modulesAndSaves/main/IADC_SUBSEA_6.dsav, https://broker.endpoints.service-project-us-dev-3f0c.cloud.goog?app=drilling-simulator&drillSimFile=https://raw.githubusercontent.com/endeavortechnologies/modulesAndSaves/main/IADC_SUBSEA_6.dsav, undefined"
"https://broker.endpoints.service-project-us-prod-1a95.cloud.goog?app=drilling-simulator&drillSimFile=https://raw.githubusercontent.com/endeavortechnologies/modulesAndSaves/main/IADC_SUBSEA_A_1.dsav, https://broker.endpoints.service-project-us-dev-3f0c.cloud.goog?app=drilling-simulator&drillSimFile=https://raw.githubusercontent.com/endeavortechnologies/modulesAndSaves/main/IADC_SUBSEA_A_1.dsav, undefined"
"https://broker.endpoints.service-project-us-prod-1a95.cloud.goog?app=drilling-simulator&drillSimFile=https://raw.githubusercontent.com/endeavortechnologies/modulesAndSaves/main/IADC_SUBSEA_A_2.dsav, https://broker.endpoints.service-project-us-dev-3f0c.cloud.goog?app=drilling-simulator&drillSimFile=https://raw.githubusercontent.com/endeavortechnologies/modulesAndSaves/main/IADC_SUBSEA_A_2.dsav, undefined"
"https://broker.endpoints.service-project-us-prod-1a95.cloud.goog?app=drilling-simulator&drillSimFile=https://raw.githubusercontent.com/endeavortechnologies/modulesAndSaves/main/IADC_SUBSEA_A_3.dsav, https://broker.endpoints.service-project-us-dev-3f0c.cloud.goog?app=drilling-simulator&drillSimFile=https://raw.githubusercontent.com/endeavortechnologies/modulesAndSaves/main/IADC_SUBSEA_A_3.dsav, undefined"
"https://broker.endpoints.service-project-us-prod-1a95.cloud.goog?app=drilling-simulator&drillSimFile=https://raw.githubusercontent.com/endeavortechnologies/modulesAndSaves/main/IADC_SUBSEA_A_4.dsav, https://broker.endpoints.service-project-us-dev-3f0c.cloud.goog?app=drilling-simulator&drillSimFile=https://raw.githubusercontent.com/endeavortechnologies/modulesAndSaves/main/IADC_SUBSEA_A_4.dsav, undefined"
"https://broker.endpoints.service-project-us-prod-1a95.cloud.goog?app=drilling-simulator&drillSimFile=https://raw.githubusercontent.com/endeavortechnologies/modulesAndSaves/main/IADC_SUBSEA_A_5.dsav, https://broker.endpoints.service-project-us-dev-3f0c.cloud.goog?app=drilling-simulator&drillSimFile=https://raw.githubusercontent.com/endeavortechnologies/modulesAndSaves/main/IADC_SUBSEA_A_5.dsav, undefined"
"https://broker.endpoints.service-project-us-prod-1a95.cloud.goog?app=drilling-simulator&drillSimFile=https://raw.githubusercontent.com/endeavortechnologies/modulesAndSaves/main/IADC_SUBSEA_A_6.dsav, https://broker.endpoints.service-project-us-dev-3f0c.cloud.goog?app=drilling-simulator&drillSimFile=https://raw.githubusercontent.com/endeavortechnologies/modulesAndSaves/main/IADC_SUBSEA_A_6.dsav, undefined"
"https://broker.endpoints.service-project-us-prod-1a95.cloud.goog?app=drilling-simulator&drillSimFile=https://raw.githubusercontent.com/endeavortechnologies/modulesAndSaves/main/IADC_SUBSEA_A_BOPTEST.dsav, https://broker.endpoints.service-project-us-dev-3f0c.cloud.goog?app=drilling-simulator&drillSimFile=https://raw.githubusercontent.com/endeavortechnologies/modulesAndSaves/main/IADC_SUBSEA_A_BOPTEST.dsav, undefined"
"https://broker.endpoints.service-project-us-prod-1a95.cloud.goog?app=drilling-simulator&drillSimFile=https://raw.githubusercontent.com/endeavortechnologies/modulesAndSaves/main/IADC_SUBSEA_A_BOPTEST_FAIL.dsav, https://broker.endpoints.service-project-us-dev-3f0c.cloud.goog?app=drilling-simulator&drillSimFile=https://raw.githubusercontent.com/endeavortechnologies/modulesAndSaves/main/IADC_SUBSEA_A_BOPTEST_FAIL.dsav, undefined"
"https://broker.endpoints.service-project-us-prod-1a95.cloud.goog?app=drilling-simulator&drillSimFile=https://raw.githubusercontent.com/endeavortechnologies/modulesAndSaves/main/IADC_SUBSEA_A_ECDBHP.dsav, https://broker.endpoints.service-project-us-dev-3f0c.cloud.goog?app=drilling-simulator&drillSimFile=https://raw.githubusercontent.com/endeavortechnologies/modulesAndSaves/main/IADC_SUBSEA_A_ECDBHP.dsav, undefined"
"https://broker.endpoints.service-project-us-prod-1a95.cloud.goog?app=drilling-simulator&drillSimFile=https://raw.githubusercontent.com/endeavortechnologies/modulesAndSaves/main/IADC_SUBSEA_A_HYDRAULICEFFECTSONHOOKLOAD.dsav, https://broker.endpoints.service-project-us-dev-3f0c.cloud.goog?app=drilling-simulator&drillSimFile=https://raw.githubusercontent.com/endeavortechnologies/modulesAndSaves/main/IADC_SUBSEA_A_HYDRAULICEFFECTSONHOOKLOAD.dsav, undefined"
"https://broker.endpoints.service-project-us-prod-1a95.cloud.goog?app=drilling-simulator&drillSimFile=https://raw.githubusercontent.com/endeavortechnologies/modulesAndSaves/main/IADC_SUBSEA_A_LOTFIT.dsav, https://broker.endpoints.service-project-us-dev-3f0c.cloud.goog?app=drilling-simulator&drillSimFile=https://raw.githubusercontent.com/endeavortechnologies/modulesAndSaves/main/IADC_SUBSEA_A_LOTFIT.dsav, undefined"
"https://broker.endpoints.service-project-us-prod-1a95.cloud.goog?app=drilling-simulator&drillSimFile=https://raw.githubusercontent.com/endeavortechnologies/modulesAndSaves/main/IADC_SUBSEA_A_MAASP.dsav, https://broker.endpoints.service-project-us-dev-3f0c.cloud.goog?app=drilling-simulator&drillSimFile=https://raw.githubusercontent.com/endeavortechnologies/modulesAndSaves/main/IADC_SUBSEA_A_MAASP.dsav, undefined"
"https://broker.endpoints.service-project-us-prod-1a95.cloud.goog?app=drilling-simulator&drillSimFile=https://raw.githubusercontent.com/endeavortechnologies/modulesAndSaves/main/IADC_SUBSEA_A_MAASP_BIG.dsav, https://broker.endpoints.service-project-us-dev-3f0c.cloud.goog?app=drilling-simulator&drillSimFile=https://raw.githubusercontent.com/endeavortechnologies/modulesAndSaves/main/IADC_SUBSEA_A_MAASP_BIG.dsav, undefined"
"https://broker.endpoints.service-project-us-prod-1a95.cloud.goog?app=drilling-simulator&drillSimFile=https://raw.githubusercontent.com/endeavortechnologies/modulesAndSaves/main/IADC_SUBSEA_A_MAASP_SMALL.dsav, https://broker.endpoints.service-project-us-dev-3f0c.cloud.goog?app=drilling-simulator&drillSimFile=https://raw.githubusercontent.com/endeavortechnologies/modulesAndSaves/main/IADC_SUBSEA_A_MAASP_SMALL.dsav, undefined"
"https://broker.endpoints.service-project-us-prod-1a95.cloud.goog?app=drilling-simulator&drillSimFile=https://raw.githubusercontent.com/endeavortechnologies/modulesAndSaves/main/IADC_SUBSEA_A_OBM.dsav, https://broker.endpoints.service-project-us-dev-3f0c.cloud.goog?app=drilling-simulator&drillSimFile=https://raw.githubusercontent.com/endeavortechnologies/modulesAndSaves/main/IADC_SUBSEA_A_OBM.dsav, undefined"
"https://broker.endpoints.service-project-us-prod-1a95.cloud.goog?app=drilling-simulator&drillSimFile=https://raw.githubusercontent.com/endeavortechnologies/modulesAndSaves/main/IADC_SUBSEA_A_SURGEANDSWAB.dsav, https://broker.endpoints.service-project-us-dev-3f0c.cloud.goog?app=drilling-simulator&drillSimFile=https://raw.githubusercontent.com/endeavortechnologies/modulesAndSaves/main/IADC_SUBSEA_A_SURGEANDSWAB.dsav, undefined"
"https://broker.endpoints.service-project-us-prod-1a95.cloud.goog?app=drilling-simulator&drillSimFile=https://raw.githubusercontent.com/endeavortechnologies/modulesAndSaves/main/IADC_SUBSEA_A_UTUBING.dsav, https://broker.endpoints.service-project-us-dev-3f0c.cloud.goog?app=drilling-simulator&drillSimFile=https://raw.githubusercontent.com/endeavortechnologies/modulesAndSaves/main/IADC_SUBSEA_A_UTUBING.dsav, undefined"
"https://broker.endpoints.service-project-us-prod-1a95.cloud.goog?app=drilling-simulator&drillSimFile=https://raw.githubusercontent.com/endeavortechnologies/modulesAndSaves/main/IADC_SUBSEA_A_WBM.dsav, https://broker.endpoints.service-project-us-dev-3f0c.cloud.goog?app=drilling-simulator&drillSimFile=https://raw.githubusercontent.com/endeavortechnologies/modulesAndSaves/main/IADC_SUBSEA_A_WBM.dsav, undefined"
"https://broker.endpoints.service-project-us-prod-1a95.cloud.goog?app=drilling-simulator&drillSimFile=https://raw.githubusercontent.com/endeavortechnologies/modulesAndSaves/main/IADC_SUBSEA_B_1.dsav, https://broker.endpoints.service-project-us-dev-3f0c.cloud.goog?app=drilling-simulator&drillSimFile=https://raw.githubusercontent.com/endeavortechnologies/modulesAndSaves/main/IADC_SUBSEA_B_1.dsav, undefined"
"https://broker.endpoints.service-project-us-prod-1a95.cloud.goog?app=drilling-simulator&drillSimFile=https://raw.githubusercontent.com/endeavortechnologies/modulesAndSaves/main/IADC_SUBSEA_B_1_NONPORTEDFLOAT.dsav, https://broker.endpoints.service-project-us-dev-3f0c.cloud.goog?app=drilling-simulator&drillSimFile=https://raw.githubusercontent.com/endeavortechnologies/modulesAndSaves/main/IADC_SUBSEA_B_1_NONPORTEDFLOAT.dsav, undefined"
"https://broker.endpoints.service-project-us-prod-1a95.cloud.goog?app=drilling-simulator&drillSimFile=https://raw.githubusercontent.com/endeavortechnologies/modulesAndSaves/main/IADC_SUBSEA_B_2.dsav, https://broker.endpoints.service-project-us-dev-3f0c.cloud.goog?app=drilling-simulator&drillSimFile=https://raw.githubusercontent.com/endeavortechnologies/modulesAndSaves/main/IADC_SUBSEA_B_2.dsav, undefined"
"https://broker.endpoints.service-project-us-prod-1a95.cloud.goog?app=drilling-simulator&drillSimFile=https://raw.githubusercontent.com/endeavortechnologies/modulesAndSaves/main/IADC_SUBSEA_B_2_NONPORTEDFLOAT.dsav, https://broker.endpoints.service-project-us-dev-3f0c.cloud.goog?app=drilling-simulator&drillSimFile=https://raw.githubusercontent.com/endeavortechnologies/modulesAndSaves/main/IADC_SUBSEA_B_2_NONPORTEDFLOAT.dsav, undefined"
"https://broker.endpoints.service-project-us-prod-1a95.cloud.goog?app=drilling-simulator&drillSimFile=https://raw.githubusercontent.com/endeavortechnologies/modulesAndSaves/main/IADC_SUBSEA_B_3.dsav, https://broker.endpoints.service-project-us-dev-3f0c.cloud.goog?app=drilling-simulator&drillSimFile=https://raw.githubusercontent.com/endeavortechnologies/modulesAndSaves/main/IADC_SUBSEA_B_3.dsav, undefined"
"https://broker.endpoints.service-project-us-prod-1a95.cloud.goog?app=drilling-simulator&drillSimFile=https://raw.githubusercontent.com/endeavortechnologies/modulesAndSaves/main/IADC_SUBSEA_B_3_NONPORTEDFLOAT.dsav, https://broker.endpoints.service-project-us-dev-3f0c.cloud.goog?app=drilling-simulator&drillSimFile=https://raw.githubusercontent.com/endeavortechnologies/modulesAndSaves/main/IADC_SUBSEA_B_3_NONPORTEDFLOAT.dsav, undefined"
"https://broker.endpoints.service-project-us-prod-1a95.cloud.goog?app=drilling-simulator&drillSimFile=https://raw.githubusercontent.com/endeavortechnologies/modulesAndSaves/main/IADC_SUBSEA_B_4.dsav, https://broker.endpoints.service-project-us-dev-3f0c.cloud.goog?app=drilling-simulator&drillSimFile=https://raw.githubusercontent.com/endeavortechnologies/modulesAndSaves/main/IADC_SUBSEA_B_4.dsav, undefined"
"https://broker.endpoints.service-project-us-prod-1a95.cloud.goog?app=drilling-simulator&drillSimFile=https://raw.githubusercontent.com/endeavortechnologies/modulesAndSaves/main/IADC_SUBSEA_B_4_NONPORTEDFLOAT.dsav, https://broker.endpoints.service-project-us-dev-3f0c.cloud.goog?app=drilling-simulator&drillSimFile=https://raw.githubusercontent.com/endeavortechnologies/modulesAndSaves/main/IADC_SUBSEA_B_4_NONPORTEDFLOAT.dsav, undefined"
"https://broker.endpoints.service-project-us-prod-1a95.cloud.goog?app=drilling-simulator&drillSimFile=https://raw.githubusercontent.com/endeavortechnologies/modulesAndSaves/main/IADC_SUBSEA_B_5.dsav, https://broker.endpoints.service-project-us-dev-3f0c.cloud.goog?app=drilling-simulator&drillSimFile=https://raw.githubusercontent.com/endeavortechnologies/modulesAndSaves/main/IADC_SUBSEA_B_5.dsav, undefined"
"https://broker.endpoints.service-project-us-prod-1a95.cloud.goog?app=drilling-simulator&drillSimFile=https://raw.githubusercontent.com/endeavortechnologies/modulesAndSaves/main/IADC_SUBSEA_B_5_NONPORTEDFLOAT.dsav, https://broker.endpoints.service-project-us-dev-3f0c.cloud.goog?app=drilling-simulator&drillSimFile=https://raw.githubusercontent.com/endeavortechnologies/modulesAndSaves/main/IADC_SUBSEA_B_5_NONPORTEDFLOAT.dsav, undefined"
"https://broker.endpoints.service-project-us-prod-1a95.cloud.goog?app=drilling-simulator&drillSimFile=https://raw.githubusercontent.com/endeavortechnologies/modulesAndSaves/main/IADC_SUBSEA_B_6.dsav, https://broker.endpoints.service-project-us-dev-3f0c.cloud.goog?app=drilling-simulator&drillSimFile=https://raw.githubusercontent.com/endeavortechnologies/modulesAndSaves/main/IADC_SUBSEA_B_6.dsav, undefined"
"https://broker.endpoints.service-project-us-prod-1a95.cloud.goog?app=drilling-simulator&drillSimFile=https://raw.githubusercontent.com/endeavortechnologies/modulesAndSaves/main/IADC_SUBSEA_B_6_NONPORTEDFLOAT.dsav, https://broker.endpoints.service-project-us-dev-3f0c.cloud.goog?app=drilling-simulator&drillSimFile=https://raw.githubusercontent.com/endeavortechnologies/modulesAndSaves/main/IADC_SUBSEA_B_6_NONPORTEDFLOAT.dsav, undefined"
"https://broker.endpoints.service-project-us-prod-1a95.cloud.goog?app=drilling-simulator&drillSimFile=https://raw.githubusercontent.com/endeavortechnologies/modulesAndSaves/main/IADC_SUBSEA_B_7.dsav, https://broker.endpoints.service-project-us-dev-3f0c.cloud.goog?app=drilling-simulator&drillSimFile=https://raw.githubusercontent.com/endeavortechnologies/modulesAndSaves/main/IADC_SUBSEA_B_7.dsav, undefined"
"https://broker.endpoints.service-project-us-prod-1a95.cloud.goog?app=drilling-simulator&drillSimFile=https://raw.githubusercontent.com/endeavortechnologies/modulesAndSaves/main/IADC_SUBSEA_B_7_NONPORTEDFLOAT.dsav, https://broker.endpoints.service-project-us-dev-3f0c.cloud.goog?app=drilling-simulator&drillSimFile=https://raw.githubusercontent.com/endeavortechnologies/modulesAndSaves/main/IADC_SUBSEA_B_7_NONPORTEDFLOAT.dsav, undefined"
"https://broker.endpoints.service-project-us-prod-1a95.cloud.goog?app=drilling-simulator&drillSimFile=https://raw.githubusercontent.com/endeavortechnologies/modulesAndSaves/main/IADC_SUBSEA_B_8.dsav, https://broker.endpoints.service-project-us-dev-3f0c.cloud.goog?app=drilling-simulator&drillSimFile=https://raw.githubusercontent.com/endeavortechnologies/modulesAndSaves/main/IADC_SUBSEA_B_8.dsav, undefined"
"https://broker.endpoints.service-project-us-prod-1a95.cloud.goog?app=drilling-simulator&drillSimFile=https://raw.githubusercontent.com/endeavortechnologies/modulesAndSaves/main/IADC_SUBSEA_B_8_hotfix.dsav, https://broker.endpoints.service-project-us-dev-3f0c.cloud.goog?app=drilling-simulator&drillSimFile=https://raw.githubusercontent.com/endeavortechnologies/modulesAndSaves/main/IADC_SUBSEA_B_8_hotfix.dsav, undefined"
"https://broker.endpoints.service-project-us-prod-1a95.cloud.goog?app=drilling-simulator&drillSimFile=https://raw.githubusercontent.com/endeavortechnologies/modulesAndSaves/main/IADC_SUBSEA_B_8_NONPORTEDFLOAT.dsav, https://broker.endpoints.service-project-us-dev-3f0c.cloud.goog?app=drilling-simulator&drillSimFile=https://raw.githubusercontent.com/endeavortechnologies/modulesAndSaves/main/IADC_SUBSEA_B_8_NONPORTEDFLOAT.dsav, undefined"
"https://broker.endpoints.service-project-us-prod-1a95.cloud.goog?app=drilling-simulator&drillSimFile=https://raw.githubusercontent.com/endeavortechnologies/modulesAndSaves/main/IADC_SUBSEA_CLF_1.dsav, https://broker.endpoints.service-project-us-dev-3f0c.cloud.goog?app=drilling-simulator&drillSimFile=https://raw.githubusercontent.com/endeavortechnologies/modulesAndSaves/main/IADC_SUBSEA_CLF_1.dsav, undefined"
"https://broker.endpoints.service-project-us-prod-1a95.cloud.goog?app=drilling-simulator&drillSimFile=https://raw.githubusercontent.com/endeavortechnologies/modulesAndSaves/main/IADC_SUBSEA_CLF_2.dsav, https://broker.endpoints.service-project-us-dev-3f0c.cloud.goog?app=drilling-simulator&drillSimFile=https://raw.githubusercontent.com/endeavortechnologies/modulesAndSaves/main/IADC_SUBSEA_CLF_2.dsav, undefined"
"https://broker.endpoints.service-project-us-prod-1a95.cloud.goog?app=drilling-simulator&drillSimFile=https://raw.githubusercontent.com/endeavortechnologies/modulesAndSaves/main/IADC_SUBSEA_CLF_3.dsav, https://broker.endpoints.service-project-us-dev-3f0c.cloud.goog?app=drilling-simulator&drillSimFile=https://raw.githubusercontent.com/endeavortechnologies/modulesAndSaves/main/IADC_SUBSEA_CLF_3.dsav, undefined"
"https://broker.endpoints.service-project-us-prod-1a95.cloud.goog?app=drilling-simulator&drillSimFile=https://raw.githubusercontent.com/endeavortechnologies/modulesAndSaves/main/IADC_SUBSEA_C_1.dsav, https://broker.endpoints.service-project-us-dev-3f0c.cloud.goog?app=drilling-simulator&drillSimFile=https://raw.githubusercontent.com/endeavortechnologies/modulesAndSaves/main/IADC_SUBSEA_C_1.dsav, undefined"
"https://broker.endpoints.service-project-us-prod-1a95.cloud.goog?app=drilling-simulator&drillSimFile=https://raw.githubusercontent.com/endeavortechnologies/modulesAndSaves/main/IADC_SUBSEA_C_1_NONPORTEDFLOAT.dsav, https://broker.endpoints.service-project-us-dev-3f0c.cloud.goog?app=drilling-simulator&drillSimFile=https://raw.githubusercontent.com/endeavortechnologies/modulesAndSaves/main/IADC_SUBSEA_C_1_NONPORTEDFLOAT.dsav, undefined"
"https://broker.endpoints.service-project-us-prod-1a95.cloud.goog?app=drilling-simulator&drillSimFile=https://raw.githubusercontent.com/endeavortechnologies/modulesAndSaves/main/IADC_SUBSEA_C_2.dsav, https://broker.endpoints.service-project-us-dev-3f0c.cloud.goog?app=drilling-simulator&drillSimFile=https://raw.githubusercontent.com/endeavortechnologies/modulesAndSaves/main/IADC_SUBSEA_C_2.dsav, undefined"
"https://broker.endpoints.service-project-us-prod-1a95.cloud.goog?app=drilling-simulator&drillSimFile=https://raw.githubusercontent.com/endeavortechnologies/modulesAndSaves/main/IADC_SUBSEA_C_2_NONPORTEDFLOAT.dsav, https://broker.endpoints.service-project-us-dev-3f0c.cloud.goog?app=drilling-simulator&drillSimFile=https://raw.githubusercontent.com/endeavortechnologies/modulesAndSaves/main/IADC_SUBSEA_C_2_NONPORTEDFLOAT.dsav, undefined"
"https://broker.endpoints.service-project-us-prod-1a95.cloud.goog?app=drilling-simulator&drillSimFile=https://raw.githubusercontent.com/endeavortechnologies/modulesAndSaves/main/IADC_SUBSEA_C_3.dsav, https://broker.endpoints.service-project-us-dev-3f0c.cloud.goog?app=drilling-simulator&drillSimFile=https://raw.githubusercontent.com/endeavortechnologies/modulesAndSaves/main/IADC_SUBSEA_C_3.dsav, undefined"
"https://broker.endpoints.service-project-us-prod-1a95.cloud.goog?app=drilling-simulator&drillSimFile=https://raw.githubusercontent.com/endeavortechnologies/modulesAndSaves/main/IADC_SUBSEA_C_3_NONPORTEDFLOAT.dsav, https://broker.endpoints.service-project-us-dev-3f0c.cloud.goog?app=drilling-simulator&drillSimFile=https://raw.githubusercontent.com/endeavortechnologies/modulesAndSaves/main/IADC_SUBSEA_C_3_NONPORTEDFLOAT.dsav, undefined"
"https://broker.endpoints.service-project-us-prod-1a95.cloud.goog?app=drilling-simulator&drillSimFile=https://raw.githubusercontent.com/endeavortechnologies/modulesAndSaves/main/IADC_SUBSEA_C_4.dsav, https://broker.endpoints.service-project-us-dev-3f0c.cloud.goog?app=drilling-simulator&drillSimFile=https://raw.githubusercontent.com/endeavortechnologies/modulesAndSaves/main/IADC_SUBSEA_C_4.dsav, undefined"
"https://broker.endpoints.service-project-us-prod-1a95.cloud.goog?app=drilling-simulator&drillSimFile=https://raw.githubusercontent.com/endeavortechnologies/modulesAndSaves/main/IADC_SUBSEA_C_4_NONPORTEDFLOAT.dsav, https://broker.endpoints.service-project-us-dev-3f0c.cloud.goog?app=drilling-simulator&drillSimFile=https://raw.githubusercontent.com/endeavortechnologies/modulesAndSaves/main/IADC_SUBSEA_C_4_NONPORTEDFLOAT.dsav, undefined"
"https://broker.endpoints.service-project-us-prod-1a95.cloud.goog?app=drilling-simulator&drillSimFile=https://raw.githubusercontent.com/endeavortechnologies/modulesAndSaves/main/IADC_SUBSEA_C_5.dsav, https://broker.endpoints.service-project-us-dev-3f0c.cloud.goog?app=drilling-simulator&drillSimFile=https://raw.githubusercontent.com/endeavortechnologies/modulesAndSaves/main/IADC_SUBSEA_C_5.dsav, undefined"
"https://broker.endpoints.service-project-us-prod-1a95.cloud.goog?app=drilling-simulator&drillSimFile=https://raw.githubusercontent.com/endeavortechnologies/modulesAndSaves/main/IADC_SUBSEA_C_5_NONPORTEDFLOAT.dsav, https://broker.endpoints.service-project-us-dev-3f0c.cloud.goog?app=drilling-simulator&drillSimFile=https://raw.githubusercontent.com/endeavortechnologies/modulesAndSaves/main/IADC_SUBSEA_C_5_NONPORTEDFLOAT.dsav, undefined"
"https://broker.endpoints.service-project-us-prod-1a95.cloud.goog?app=drilling-simulator&drillSimFile=https://raw.githubusercontent.com/endeavortechnologies/modulesAndSaves/main/IADC_SUBSEA_C_6.dsav, https://broker.endpoints.service-project-us-dev-3f0c.cloud.goog?app=drilling-simulator&drillSimFile=https://raw.githubusercontent.com/endeavortechnologies/modulesAndSaves/main/IADC_SUBSEA_C_6.dsav, undefined"
"https://broker.endpoints.service-project-us-prod-1a95.cloud.goog?app=drilling-simulator&drillSimFile=https://raw.githubusercontent.com/endeavortechnologies/modulesAndSaves/main/IADC_SUBSEA_C_6_NONPORTEDFLOAT.dsav, https://broker.endpoints.service-project-us-dev-3f0c.cloud.goog?app=drilling-simulator&drillSimFile=https://raw.githubusercontent.com/endeavortechnologies/modulesAndSaves/main/IADC_SUBSEA_C_6_NONPORTEDFLOAT.dsav, undefined"
"https://broker.endpoints.service-project-us-prod-1a95.cloud.goog?app=drilling-simulator&drillSimFile=https://raw.githubusercontent.com/endeavortechnologies/modulesAndSaves/main/IADC_SUBSEA_C_7.dsav, https://broker.endpoints.service-project-us-dev-3f0c.cloud.goog?app=drilling-simulator&drillSimFile=https://raw.githubusercontent.com/endeavortechnologies/modulesAndSaves/main/IADC_SUBSEA_C_7.dsav, undefined"
"https://broker.endpoints.service-project-us-prod-1a95.cloud.goog?app=drilling-simulator&drillSimFile=https://raw.githubusercontent.com/endeavortechnologies/modulesAndSaves/main/IADC_SUBSEA_C_7_NONPORTEDFLOAT.dsav, https://broker.endpoints.service-project-us-dev-3f0c.cloud.goog?app=drilling-simulator&drillSimFile=https://raw.githubusercontent.com/endeavortechnologies/modulesAndSaves/main/IADC_SUBSEA_C_7_NONPORTEDFLOAT.dsav, undefined"
"https://broker.endpoints.service-project-us-prod-1a95.cloud.goog?app=drilling-simulator&drillSimFile=https://raw.githubusercontent.com/endeavortechnologies/modulesAndSaves/main/IADC_SUBSEA_C_8.dsav, https://broker.endpoints.service-project-us-dev-3f0c.cloud.goog?app=drilling-simulator&drillSimFile=https://raw.githubusercontent.com/endeavortechnologies/modulesAndSaves/main/IADC_SUBSEA_C_8.dsav, undefined"
"https://broker.endpoints.service-project-us-prod-1a95.cloud.goog?app=drilling-simulator&drillSimFile=https://raw.githubusercontent.com/endeavortechnologies/modulesAndSaves/main/IADC_SUBSEA_C_8_NONPORTEDFLOAT.dsav, https://broker.endpoints.service-project-us-dev-3f0c.cloud.goog?app=drilling-simulator&drillSimFile=https://raw.githubusercontent.com/endeavortechnologies/modulesAndSaves/main/IADC_SUBSEA_C_8_NONPORTEDFLOAT.dsav, undefined"
"https://broker.endpoints.service-project-us-prod-1a95.cloud.goog?app=drilling-simulator&drillSimFile=https://raw.githubusercontent.com/endeavortechnologies/modulesAndSaves/main/IADC_SUBSEA_DELTA_1.dsav, https://broker.endpoints.service-project-us-dev-3f0c.cloud.goog?app=drilling-simulator&drillSimFile=https://raw.githubusercontent.com/endeavortechnologies/modulesAndSaves/main/IADC_SUBSEA_DELTA_1.dsav, undefined"
"https://broker.endpoints.service-project-us-prod-1a95.cloud.goog?app=drilling-simulator&drillSimFile=https://raw.githubusercontent.com/endeavortechnologies/modulesAndSaves/main/IADC_SUBSEA_DELTA_1_NONPORTED.dsav, https://broker.endpoints.service-project-us-dev-3f0c.cloud.goog?app=drilling-simulator&drillSimFile=https://raw.githubusercontent.com/endeavortechnologies/modulesAndSaves/main/IADC_SUBSEA_DELTA_1_NONPORTED.dsav, undefined"
"https://broker.endpoints.service-project-us-prod-1a95.cloud.goog?app=drilling-simulator&drillSimFile=https://raw.githubusercontent.com/endeavortechnologies/modulesAndSaves/main/IADC_SUBSEA_DELTA_2.dsav, https://broker.endpoints.service-project-us-dev-3f0c.cloud.goog?app=drilling-simulator&drillSimFile=https://raw.githubusercontent.com/endeavortechnologies/modulesAndSaves/main/IADC_SUBSEA_DELTA_2.dsav, undefined"
"https://broker.endpoints.service-project-us-prod-1a95.cloud.goog?app=drilling-simulator&drillSimFile=https://raw.githubusercontent.com/endeavortechnologies/modulesAndSaves/main/IADC_SUBSEA_DELTA_2_NONPORTED.dsav, https://broker.endpoints.service-project-us-dev-3f0c.cloud.goog?app=drilling-simulator&drillSimFile=https://raw.githubusercontent.com/endeavortechnologies/modulesAndSaves/main/IADC_SUBSEA_DELTA_2_NONPORTED.dsav, undefined"
"https://broker.endpoints.service-project-us-prod-1a95.cloud.goog?app=drilling-simulator&drillSimFile=https://raw.githubusercontent.com/endeavortechnologies/modulesAndSaves/main/IADC_SUBSEA_DELTA_3.dsav, https://broker.endpoints.service-project-us-dev-3f0c.cloud.goog?app=drilling-simulator&drillSimFile=https://raw.githubusercontent.com/endeavortechnologies/modulesAndSaves/main/IADC_SUBSEA_DELTA_3.dsav, undefined"
"https://broker.endpoints.service-project-us-prod-1a95.cloud.goog?app=drilling-simulator&drillSimFile=https://raw.githubusercontent.com/endeavortechnologies/modulesAndSaves/main/IADC_SUBSEA_DELTA_3_NONPORTED.dsav, https://broker.endpoints.service-project-us-dev-3f0c.cloud.goog?app=drilling-simulator&drillSimFile=https://raw.githubusercontent.com/endeavortechnologies/modulesAndSaves/main/IADC_SUBSEA_DELTA_3_NONPORTED.dsav, undefined"
"https://broker.endpoints.service-project-us-prod-1a95.cloud.goog?app=drilling-simulator&drillSimFile=https://raw.githubusercontent.com/endeavortechnologies/modulesAndSaves/main/IADC_SUBSEA_DELTA_4.dsav, https://broker.endpoints.service-project-us-dev-3f0c.cloud.goog?app=drilling-simulator&drillSimFile=https://raw.githubusercontent.com/endeavortechnologies/modulesAndSaves/main/IADC_SUBSEA_DELTA_4.dsav, undefined"
"https://broker.endpoints.service-project-us-prod-1a95.cloud.goog?app=drilling-simulator&drillSimFile=https://raw.githubusercontent.com/endeavortechnologies/modulesAndSaves/main/IADC_SUBSEA_DELTA_4_NONPORTED.dsav, https://broker.endpoints.service-project-us-dev-3f0c.cloud.goog?app=drilling-simulator&drillSimFile=https://raw.githubusercontent.com/endeavortechnologies/modulesAndSaves/main/IADC_SUBSEA_DELTA_4_NONPORTED.dsav, undefined"
"https://broker.endpoints.service-project-us-prod-1a95.cloud.goog?app=drilling-simulator&drillSimFile=https://raw.githubusercontent.com/endeavortechnologies/modulesAndSaves/main/IADC_SUBSEA_DELTA_5.dsav, https://broker.endpoints.service-project-us-dev-3f0c.cloud.goog?app=drilling-simulator&drillSimFile=https://raw.githubusercontent.com/endeavortechnologies/modulesAndSaves/main/IADC_SUBSEA_DELTA_5.dsav, undefined"
"https://broker.endpoints.service-project-us-prod-1a95.cloud.goog?app=drilling-simulator&drillSimFile=https://raw.githubusercontent.com/endeavortechnologies/modulesAndSaves/main/IADC_SUBSEA_DELTA_5_NONPORTED.dsav, https://broker.endpoints.service-project-us-dev-3f0c.cloud.goog?app=drilling-simulator&drillSimFile=https://raw.githubusercontent.com/endeavortechnologies/modulesAndSaves/main/IADC_SUBSEA_DELTA_5_NONPORTED.dsav, undefined"
"https://broker.endpoints.service-project-us-prod-1a95.cloud.goog?app=drilling-simulator&drillSimFile=https://raw.githubusercontent.com/endeavortechnologies/modulesAndSaves/main/IADC_SUBSEA_DELTA_6.dsav, https://broker.endpoints.service-project-us-dev-3f0c.cloud.goog?app=drilling-simulator&drillSimFile=https://raw.githubusercontent.com/endeavortechnologies/modulesAndSaves/main/IADC_SUBSEA_DELTA_6.dsav, undefined"
"https://broker.endpoints.service-project-us-prod-1a95.cloud.goog?app=drilling-simulator&drillSimFile=https://raw.githubusercontent.com/endeavortechnologies/modulesAndSaves/main/IADC_SUBSEA_DELTA_6_NONPORTED.dsav, https://broker.endpoints.service-project-us-dev-3f0c.cloud.goog?app=drilling-simulator&drillSimFile=https://raw.githubusercontent.com/endeavortechnologies/modulesAndSaves/main/IADC_SUBSEA_DELTA_6_NONPORTED.dsav, undefined"
"https://broker.endpoints.service-project-us-prod-1a95.cloud.goog?app=drilling-simulator&drillSimFile=https://raw.githubusercontent.com/endeavortechnologies/modulesAndSaves/main/IADC_SUBSEA_DELTA_7.dsav, https://broker.endpoints.service-project-us-dev-3f0c.cloud.goog?app=drilling-simulator&drillSimFile=https://raw.githubusercontent.com/endeavortechnologies/modulesAndSaves/main/IADC_SUBSEA_DELTA_7.dsav, undefined"
"https://broker.endpoints.service-project-us-prod-1a95.cloud.goog?app=drilling-simulator&drillSimFile=https://raw.githubusercontent.com/endeavortechnologies/modulesAndSaves/main/IADC_SUBSEA_DELTA_7_NONPORTED.dsav, https://broker.endpoints.service-project-us-dev-3f0c.cloud.goog?app=drilling-simulator&drillSimFile=https://raw.githubusercontent.com/endeavortechnologies/modulesAndSaves/main/IADC_SUBSEA_DELTA_7_NONPORTED.dsav, undefined"
"https://broker.endpoints.service-project-us-prod-1a95.cloud.goog?app=drilling-simulator&drillSimFile=https://raw.githubusercontent.com/endeavortechnologies/modulesAndSaves/main/IADC_SUBSEA_DELTA_8.dsav, https://broker.endpoints.service-project-us-dev-3f0c.cloud.goog?app=drilling-simulator&drillSimFile=https://raw.githubusercontent.com/endeavortechnologies/modulesAndSaves/main/IADC_SUBSEA_DELTA_8.dsav, undefined"
"https://broker.endpoints.service-project-us-prod-1a95.cloud.goog?app=drilling-simulator&drillSimFile=https://raw.githubusercontent.com/endeavortechnologies/modulesAndSaves/main/IADC_SUBSEA_DELTA_8_NONPORTED.dsav, https://broker.endpoints.service-project-us-dev-3f0c.cloud.goog?app=drilling-simulator&drillSimFile=https://raw.githubusercontent.com/endeavortechnologies/modulesAndSaves/main/IADC_SUBSEA_DELTA_8_NONPORTED.dsav, undefined"
"https://broker.endpoints.service-project-us-prod-1a95.cloud.goog?app=drilling-simulator&drillSimFile=https://raw.githubusercontent.com/endeavortechnologies/modulesAndSaves/main/IADC_SUBSEA_DELTA_9.dsav, https://broker.endpoints.service-project-us-dev-3f0c.cloud.goog?app=drilling-simulator&drillSimFile=https://raw.githubusercontent.com/endeavortechnologies/modulesAndSaves/main/IADC_SUBSEA_DELTA_9.dsav, undefined"
"https://broker.endpoints.service-project-us-prod-1a95.cloud.goog?app=drilling-simulator&drillSimFile=https://raw.githubusercontent.com/endeavortechnologies/modulesAndSaves/main/IADC_SUBSEA_DELTA_9_NONPORTED.dsav, https://broker.endpoints.service-project-us-dev-3f0c.cloud.goog?app=drilling-simulator&drillSimFile=https://raw.githubusercontent.com/endeavortechnologies/modulesAndSaves/main/IADC_SUBSEA_DELTA_9_NONPORTED.dsav, undefined"
"https://broker.endpoints.service-project-us-prod-1a95.cloud.goog?app=drilling-simulator&drillSimFile=https://raw.githubusercontent.com/endeavortechnologies/modulesAndSaves/main/IADC_SUBSEA_ECD_BHP.dsav, https://broker.endpoints.service-project-us-dev-3f0c.cloud.goog?app=drilling-simulator&drillSimFile=https://raw.githubusercontent.com/endeavortechnologies/modulesAndSaves/main/IADC_SUBSEA_ECD_BHP.dsav, undefined"
"https://broker.endpoints.service-project-us-prod-1a95.cloud.goog?app=drilling-simulator&drillSimFile=https://raw.githubusercontent.com/endeavortechnologies/modulesAndSaves/main/IADC_SUBSEA_ECHO_1.dsav, https://broker.endpoints.service-project-us-dev-3f0c.cloud.goog?app=drilling-simulator&drillSimFile=https://raw.githubusercontent.com/endeavortechnologies/modulesAndSaves/main/IADC_SUBSEA_ECHO_1.dsav, undefined"
"https://broker.endpoints.service-project-us-prod-1a95.cloud.goog?app=drilling-simulator&drillSimFile=https://raw.githubusercontent.com/endeavortechnologies/modulesAndSaves/main/IADC_SUBSEA_ECHO_1_NONPORTED.dsav, https://broker.endpoints.service-project-us-dev-3f0c.cloud.goog?app=drilling-simulator&drillSimFile=https://raw.githubusercontent.com/endeavortechnologies/modulesAndSaves/main/IADC_SUBSEA_ECHO_1_NONPORTED.dsav, undefined"
"https://broker.endpoints.service-project-us-prod-1a95.cloud.goog?app=drilling-simulator&drillSimFile=https://raw.githubusercontent.com/endeavortechnologies/modulesAndSaves/main/IADC_SUBSEA_ECHO_2.dsav, https://broker.endpoints.service-project-us-dev-3f0c.cloud.goog?app=drilling-simulator&drillSimFile=https://raw.githubusercontent.com/endeavortechnologies/modulesAndSaves/main/IADC_SUBSEA_ECHO_2.dsav, undefined"
"https://broker.endpoints.service-project-us-prod-1a95.cloud.goog?app=drilling-simulator&drillSimFile=https://raw.githubusercontent.com/endeavortechnologies/modulesAndSaves/main/IADC_SUBSEA_ECHO_2_NONPORTED.dsav, https://broker.endpoints.service-project-us-dev-3f0c.cloud.goog?app=drilling-simulator&drillSimFile=https://raw.githubusercontent.com/endeavortechnologies/modulesAndSaves/main/IADC_SUBSEA_ECHO_2_NONPORTED.dsav, undefined"
"https://broker.endpoints.service-project-us-prod-1a95.cloud.goog?app=drilling-simulator&drillSimFile=https://raw.githubusercontent.com/endeavortechnologies/modulesAndSaves/main/IADC_SUBSEA_ECHO_3.dsav, https://broker.endpoints.service-project-us-dev-3f0c.cloud.goog?app=drilling-simulator&drillSimFile=https://raw.githubusercontent.com/endeavortechnologies/modulesAndSaves/main/IADC_SUBSEA_ECHO_3.dsav, undefined"
"https://broker.endpoints.service-project-us-prod-1a95.cloud.goog?app=drilling-simulator&drillSimFile=https://raw.githubusercontent.com/endeavortechnologies/modulesAndSaves/main/IADC_SUBSEA_ECHO_3_NONPORTED.dsav, https://broker.endpoints.service-project-us-dev-3f0c.cloud.goog?app=drilling-simulator&drillSimFile=https://raw.githubusercontent.com/endeavortechnologies/modulesAndSaves/main/IADC_SUBSEA_ECHO_3_NONPORTED.dsav, undefined"
"https://broker.endpoints.service-project-us-prod-1a95.cloud.goog?app=drilling-simulator&drillSimFile=https://raw.githubusercontent.com/endeavortechnologies/modulesAndSaves/main/IADC_SUBSEA_ECHO_4.dsav, https://broker.endpoints.service-project-us-dev-3f0c.cloud.goog?app=drilling-simulator&drillSimFile=https://raw.githubusercontent.com/endeavortechnologies/modulesAndSaves/main/IADC_SUBSEA_ECHO_4.dsav, undefined"
"https://broker.endpoints.service-project-us-prod-1a95.cloud.goog?app=drilling-simulator&drillSimFile=https://raw.githubusercontent.com/endeavortechnologies/modulesAndSaves/main/IADC_SUBSEA_ECHO_4_NONPORTED.dsav, https://broker.endpoints.service-project-us-dev-3f0c.cloud.goog?app=drilling-simulator&drillSimFile=https://raw.githubusercontent.com/endeavortechnologies/modulesAndSaves/main/IADC_SUBSEA_ECHO_4_NONPORTED.dsav, undefined"
"https://broker.endpoints.service-project-us-prod-1a95.cloud.goog?app=drilling-simulator&drillSimFile=https://raw.githubusercontent.com/endeavortechnologies/modulesAndSaves/main/IADC_SUBSEA_ECHO_5.dsav, https://broker.endpoints.service-project-us-dev-3f0c.cloud.goog?app=drilling-simulator&drillSimFile=https://raw.githubusercontent.com/endeavortechnologies/modulesAndSaves/main/IADC_SUBSEA_ECHO_5.dsav, undefined"
"https://broker.endpoints.service-project-us-prod-1a95.cloud.goog?app=drilling-simulator&drillSimFile=https://raw.githubusercontent.com/endeavortechnologies/modulesAndSaves/main/IADC_SUBSEA_ECHO_5_NONPORTED.dsav, https://broker.endpoints.service-project-us-dev-3f0c.cloud.goog?app=drilling-simulator&drillSimFile=https://raw.githubusercontent.com/endeavortechnologies/modulesAndSaves/main/IADC_SUBSEA_ECHO_5_NONPORTED.dsav, undefined"
"https://broker.endpoints.service-project-us-prod-1a95.cloud.goog?app=drilling-simulator&drillSimFile=https://raw.githubusercontent.com/endeavortechnologies/modulesAndSaves/main/IADC_SUBSEA_ECHO_6.dsav, https://broker.endpoints.service-project-us-dev-3f0c.cloud.goog?app=drilling-simulator&drillSimFile=https://raw.githubusercontent.com/endeavortechnologies/modulesAndSaves/main/IADC_SUBSEA_ECHO_6.dsav, undefined"
"https://broker.endpoints.service-project-us-prod-1a95.cloud.goog?app=drilling-simulator&drillSimFile=https://raw.githubusercontent.com/endeavortechnologies/modulesAndSaves/main/IADC_SUBSEA_ECHO_6_NONPORTED.dsav, https://broker.endpoints.service-project-us-dev-3f0c.cloud.goog?app=drilling-simulator&drillSimFile=https://raw.githubusercontent.com/endeavortechnologies/modulesAndSaves/main/IADC_SUBSEA_ECHO_6_NONPORTED.dsav, undefined"
"https://broker.endpoints.service-project-us-prod-1a95.cloud.goog?app=drilling-simulator&drillSimFile=https://raw.githubusercontent.com/endeavortechnologies/modulesAndSaves/main/IADC_SUBSEA_ECHO_7.dsav, https://broker.endpoints.service-project-us-dev-3f0c.cloud.goog?app=drilling-simulator&drillSimFile=https://raw.githubusercontent.com/endeavortechnologies/modulesAndSaves/main/IADC_SUBSEA_ECHO_7.dsav, undefined"
"https://broker.endpoints.service-project-us-prod-1a95.cloud.goog?app=drilling-simulator&drillSimFile=https://raw.githubusercontent.com/endeavortechnologies/modulesAndSaves/main/IADC_SUBSEA_ECHO_7_NONPORTED.dsav, https://broker.endpoints.service-project-us-dev-3f0c.cloud.goog?app=drilling-simulator&drillSimFile=https://raw.githubusercontent.com/endeavortechnologies/modulesAndSaves/main/IADC_SUBSEA_ECHO_7_NONPORTED.dsav, undefined"
"https://broker.endpoints.service-project-us-prod-1a95.cloud.goog?app=drilling-simulator&drillSimFile=https://raw.githubusercontent.com/endeavortechnologies/modulesAndSaves/main/IADC_SUBSEA_ECHO_8.dsav, https://broker.endpoints.service-project-us-dev-3f0c.cloud.goog?app=drilling-simulator&drillSimFile=https://raw.githubusercontent.com/endeavortechnologies/modulesAndSaves/main/IADC_SUBSEA_ECHO_8.dsav, undefined"
"https://broker.endpoints.service-project-us-prod-1a95.cloud.goog?app=drilling-simulator&drillSimFile=https://raw.githubusercontent.com/endeavortechnologies/modulesAndSaves/main/IADC_SUBSEA_ECHO_8_NONPORTED.dsav, https://broker.endpoints.service-project-us-dev-3f0c.cloud.goog?app=drilling-simulator&drillSimFile=https://raw.githubusercontent.com/endeavortechnologies/modulesAndSaves/main/IADC_SUBSEA_ECHO_8_NONPORTED.dsav, undefined"
"https://broker.endpoints.service-project-us-prod-1a95.cloud.goog?app=drilling-simulator&drillSimFile=https://raw.githubusercontent.com/endeavortechnologies/modulesAndSaves/main/IADC_SUBSEA_ECHO_9.dsav, https://broker.endpoints.service-project-us-dev-3f0c.cloud.goog?app=drilling-simulator&drillSimFile=https://raw.githubusercontent.com/endeavortechnologies/modulesAndSaves/main/IADC_SUBSEA_ECHO_9.dsav, undefined"
"https://broker.endpoints.service-project-us-prod-1a95.cloud.goog?app=drilling-simulator&drillSimFile=https://raw.githubusercontent.com/endeavortechnologies/modulesAndSaves/main/IADC_SUBSEA_ECHO_9_NONPORTED.dsav, https://broker.endpoints.service-project-us-dev-3f0c.cloud.goog?app=drilling-simulator&drillSimFile=https://raw.githubusercontent.com/endeavortechnologies/modulesAndSaves/main/IADC_SUBSEA_ECHO_9_NONPORTED.dsav, undefined"
"https://broker.endpoints.service-project-us-prod-1a95.cloud.goog?app=drilling-simulator&drillSimFile=https://raw.githubusercontent.com/endeavortechnologies/modulesAndSaves/main/IADC_SUBSEA_MALFUNCTIONS_C_1.dsav, https://broker.endpoints.service-project-us-dev-3f0c.cloud.goog?app=drilling-simulator&drillSimFile=https://raw.githubusercontent.com/endeavortechnologies/modulesAndSaves/main/IADC_SUBSEA_MALFUNCTIONS_C_1.dsav, undefined"
"https://broker.endpoints.service-project-us-prod-1a95.cloud.goog?app=drilling-simulator&drillSimFile=https://raw.githubusercontent.com/endeavortechnologies/modulesAndSaves/main/IADC_SUBSEA_MALFUNCTIONS_C_2.dsav, https://broker.endpoints.service-project-us-dev-3f0c.cloud.goog?app=drilling-simulator&drillSimFile=https://raw.githubusercontent.com/endeavortechnologies/modulesAndSaves/main/IADC_SUBSEA_MALFUNCTIONS_C_2.dsav, undefined"
"https://broker.endpoints.service-project-us-prod-1a95.cloud.goog?app=drilling-simulator&drillSimFile=https://raw.githubusercontent.com/endeavortechnologies/modulesAndSaves/main/IADC_SUBSEA_MALFUNCTIONS_C_3.dsav, https://broker.endpoints.service-project-us-dev-3f0c.cloud.goog?app=drilling-simulator&drillSimFile=https://raw.githubusercontent.com/endeavortechnologies/modulesAndSaves/main/IADC_SUBSEA_MALFUNCTIONS_C_3.dsav, undefined"
"https://broker.endpoints.service-project-us-prod-1a95.cloud.goog?app=drilling-simulator&drillSimFile=https://raw.githubusercontent.com/endeavortechnologies/modulesAndSaves/main/IADC_SUBSEA_MALFUNCTIONS_C_4.dsav, https://broker.endpoints.service-project-us-dev-3f0c.cloud.goog?app=drilling-simulator&drillSimFile=https://raw.githubusercontent.com/endeavortechnologies/modulesAndSaves/main/IADC_SUBSEA_MALFUNCTIONS_C_4.dsav, undefined"
"https://broker.endpoints.service-project-us-prod-1a95.cloud.goog?app=drilling-simulator&drillSimFile=https://raw.githubusercontent.com/endeavortechnologies/modulesAndSaves/main/IADC_SUBSEA_MALFUNCTIONS_C_5.dsav, https://broker.endpoints.service-project-us-dev-3f0c.cloud.goog?app=drilling-simulator&drillSimFile=https://raw.githubusercontent.com/endeavortechnologies/modulesAndSaves/main/IADC_SUBSEA_MALFUNCTIONS_C_5.dsav, undefined"
"https://broker.endpoints.service-project-us-prod-1a95.cloud.goog?app=drilling-simulator&drillSimFile=https://raw.githubusercontent.com/endeavortechnologies/modulesAndSaves/main/IADC_SUBSEA_MALFUNCTIONS_DELTA_1.dsav, https://broker.endpoints.service-project-us-dev-3f0c.cloud.goog?app=drilling-simulator&drillSimFile=https://raw.githubusercontent.com/endeavortechnologies/modulesAndSaves/main/IADC_SUBSEA_MALFUNCTIONS_DELTA_1.dsav, undefined"
"https://broker.endpoints.service-project-us-prod-1a95.cloud.goog?app=drilling-simulator&drillSimFile=https://raw.githubusercontent.com/endeavortechnologies/modulesAndSaves/main/IADC_SUBSEA_MALFUNCTIONS_DELTA_2.dsav, https://broker.endpoints.service-project-us-dev-3f0c.cloud.goog?app=drilling-simulator&drillSimFile=https://raw.githubusercontent.com/endeavortechnologies/modulesAndSaves/main/IADC_SUBSEA_MALFUNCTIONS_DELTA_2.dsav, undefined"
"https://broker.endpoints.service-project-us-prod-1a95.cloud.goog?app=drilling-simulator&drillSimFile=https://raw.githubusercontent.com/endeavortechnologies/modulesAndSaves/main/IADC_SUBSEA_MALFUNCTIONS_DELTA_3.dsav, https://broker.endpoints.service-project-us-dev-3f0c.cloud.goog?app=drilling-simulator&drillSimFile=https://raw.githubusercontent.com/endeavortechnologies/modulesAndSaves/main/IADC_SUBSEA_MALFUNCTIONS_DELTA_3.dsav, undefined"
"https://broker.endpoints.service-project-us-prod-1a95.cloud.goog?app=drilling-simulator&drillSimFile=https://raw.githubusercontent.com/endeavortechnologies/modulesAndSaves/main/IADC_SUBSEA_MALFUNCTIONS_DELTA_4.dsav, https://broker.endpoints.service-project-us-dev-3f0c.cloud.goog?app=drilling-simulator&drillSimFile=https://raw.githubusercontent.com/endeavortechnologies/modulesAndSaves/main/IADC_SUBSEA_MALFUNCTIONS_DELTA_4.dsav, undefined"
"https://broker.endpoints.service-project-us-prod-1a95.cloud.goog?app=drilling-simulator&drillSimFile=https://raw.githubusercontent.com/endeavortechnologies/modulesAndSaves/main/IADC_SUBSEA_MALFUNCTIONS_DELTA_5.dsav, https://broker.endpoints.service-project-us-dev-3f0c.cloud.goog?app=drilling-simulator&drillSimFile=https://raw.githubusercontent.com/endeavortechnologies/modulesAndSaves/main/IADC_SUBSEA_MALFUNCTIONS_DELTA_5.dsav, undefined"
"https://broker.endpoints.service-project-us-prod-1a95.cloud.goog?app=drilling-simulator&drillSimFile=https://raw.githubusercontent.com/endeavortechnologies/modulesAndSaves/main/IADC_SURFACE_1.dsav, https://broker.endpoints.service-project-us-dev-3f0c.cloud.goog?app=drilling-simulator&drillSimFile=https://raw.githubusercontent.com/endeavortechnologies/modulesAndSaves/main/IADC_SURFACE_1.dsav, undefined"
"https://broker.endpoints.service-project-us-prod-1a95.cloud.goog?app=drilling-simulator&drillSimFile=https://raw.githubusercontent.com/endeavortechnologies/modulesAndSaves/main/IADC_SURFACE_2.dsav, https://broker.endpoints.service-project-us-dev-3f0c.cloud.goog?app=drilling-simulator&drillSimFile=https://raw.githubusercontent.com/endeavortechnologies/modulesAndSaves/main/IADC_SURFACE_2.dsav, undefined"
"https://broker.endpoints.service-project-us-prod-1a95.cloud.goog?app=drilling-simulator&drillSimFile=https://raw.githubusercontent.com/endeavortechnologies/modulesAndSaves/main/IADC_SURFACE_3.dsav, https://broker.endpoints.service-project-us-dev-3f0c.cloud.goog?app=drilling-simulator&drillSimFile=https://raw.githubusercontent.com/endeavortechnologies/modulesAndSaves/main/IADC_SURFACE_3.dsav, undefined"
"https://broker.endpoints.service-project-us-prod-1a95.cloud.goog?app=drilling-simulator&drillSimFile=https://raw.githubusercontent.com/endeavortechnologies/modulesAndSaves/main/IADC_SURFACE_4.dsav, https://broker.endpoints.service-project-us-dev-3f0c.cloud.goog?app=drilling-simulator&drillSimFile=https://raw.githubusercontent.com/endeavortechnologies/modulesAndSaves/main/IADC_SURFACE_4.dsav, undefined"
"https://broker.endpoints.service-project-us-prod-1a95.cloud.goog?app=drilling-simulator&drillSimFile=https://raw.githubusercontent.com/endeavortechnologies/modulesAndSaves/main/IADC_SURFACE_5.dsav, https://broker.endpoints.service-project-us-dev-3f0c.cloud.goog?app=drilling-simulator&drillSimFile=https://raw.githubusercontent.com/endeavortechnologies/modulesAndSaves/main/IADC_SURFACE_5.dsav, undefined"
"https://broker.endpoints.service-project-us-prod-1a95.cloud.goog?app=drilling-simulator&drillSimFile=https://raw.githubusercontent.com/endeavortechnologies/modulesAndSaves/main/IADC_SURFACE_6.dsav, https://broker.endpoints.service-project-us-dev-3f0c.cloud.goog?app=drilling-simulator&drillSimFile=https://raw.githubusercontent.com/endeavortechnologies/modulesAndSaves/main/IADC_SURFACE_6.dsav, undefined"
"https://broker.endpoints.service-project-us-prod-1a95.cloud.goog?app=drilling-simulator&drillSimFile=https://raw.githubusercontent.com/endeavortechnologies/modulesAndSaves/main/IADC_SURFACE_A_1.dsav, https://broker.endpoints.service-project-us-dev-3f0c.cloud.goog?app=drilling-simulator&drillSimFile=https://raw.githubusercontent.com/endeavortechnologies/modulesAndSaves/main/IADC_SURFACE_A_1.dsav, undefined"
"https://broker.endpoints.service-project-us-prod-1a95.cloud.goog?app=drilling-simulator&drillSimFile=https://raw.githubusercontent.com/endeavortechnologies/modulesAndSaves/main/IADC_SURFACE_A_2.dsav, https://broker.endpoints.service-project-us-dev-3f0c.cloud.goog?app=drilling-simulator&drillSimFile=https://raw.githubusercontent.com/endeavortechnologies/modulesAndSaves/main/IADC_SURFACE_A_2.dsav, undefined"
"https://broker.endpoints.service-project-us-prod-1a95.cloud.goog?app=drilling-simulator&drillSimFile=https://raw.githubusercontent.com/endeavortechnologies/modulesAndSaves/main/IADC_SURFACE_A_3.dsav, https://broker.endpoints.service-project-us-dev-3f0c.cloud.goog?app=drilling-simulator&drillSimFile=https://raw.githubusercontent.com/endeavortechnologies/modulesAndSaves/main/IADC_SURFACE_A_3.dsav, undefined"
"https://broker.endpoints.service-project-us-prod-1a95.cloud.goog?app=drilling-simulator&drillSimFile=https://raw.githubusercontent.com/endeavortechnologies/modulesAndSaves/main/IADC_SURFACE_A_4.dsav, https://broker.endpoints.service-project-us-dev-3f0c.cloud.goog?app=drilling-simulator&drillSimFile=https://raw.githubusercontent.com/endeavortechnologies/modulesAndSaves/main/IADC_SURFACE_A_4.dsav, undefined"
"https://broker.endpoints.service-project-us-prod-1a95.cloud.goog?app=drilling-simulator&drillSimFile=https://raw.githubusercontent.com/endeavortechnologies/modulesAndSaves/main/IADC_SURFACE_A_5.dsav, https://broker.endpoints.service-project-us-dev-3f0c.cloud.goog?app=drilling-simulator&drillSimFile=https://raw.githubusercontent.com/endeavortechnologies/modulesAndSaves/main/IADC_SURFACE_A_5.dsav, undefined"
"https://broker.endpoints.service-project-us-prod-1a95.cloud.goog?app=drilling-simulator&drillSimFile=https://raw.githubusercontent.com/endeavortechnologies/modulesAndSaves/main/IADC_SURFACE_A_6.dsav, https://broker.endpoints.service-project-us-dev-3f0c.cloud.goog?app=drilling-simulator&drillSimFile=https://raw.githubusercontent.com/endeavortechnologies/modulesAndSaves/main/IADC_SURFACE_A_6.dsav, undefined"
"https://broker.endpoints.service-project-us-prod-1a95.cloud.goog?app=drilling-simulator&drillSimFile=https://raw.githubusercontent.com/endeavortechnologies/modulesAndSaves/main/IADC_SURFACE_A_BOPTEST.dsav, https://broker.endpoints.service-project-us-dev-3f0c.cloud.goog?app=drilling-simulator&drillSimFile=https://raw.githubusercontent.com/endeavortechnologies/modulesAndSaves/main/IADC_SURFACE_A_BOPTEST.dsav, undefined"
"https://broker.endpoints.service-project-us-prod-1a95.cloud.goog?app=drilling-simulator&drillSimFile=https://raw.githubusercontent.com/endeavortechnologies/modulesAndSaves/main/IADC_SURFACE_A_BOPTEST_TESTCUPFAILED.dsav, https://broker.endpoints.service-project-us-dev-3f0c.cloud.goog?app=drilling-simulator&drillSimFile=https://raw.githubusercontent.com/endeavortechnologies/modulesAndSaves/main/IADC_SURFACE_A_BOPTEST_TESTCUPFAILED.dsav, undefined"
"https://broker.endpoints.service-project-us-prod-1a95.cloud.goog?app=drilling-simulator&drillSimFile=https://raw.githubusercontent.com/endeavortechnologies/modulesAndSaves/main/IADC_SURFACE_A_ECDBHP.dsav, https://broker.endpoints.service-project-us-dev-3f0c.cloud.goog?app=drilling-simulator&drillSimFile=https://raw.githubusercontent.com/endeavortechnologies/modulesAndSaves/main/IADC_SURFACE_A_ECDBHP.dsav, undefined"
"https://broker.endpoints.service-project-us-prod-1a95.cloud.goog?app=drilling-simulator&drillSimFile=https://raw.githubusercontent.com/endeavortechnologies/modulesAndSaves/main/IADC_SURFACE_A_HYDRAULICEFFECTSONHOOKLOAD.dsav, https://broker.endpoints.service-project-us-dev-3f0c.cloud.goog?app=drilling-simulator&drillSimFile=https://raw.githubusercontent.com/endeavortechnologies/modulesAndSaves/main/IADC_SURFACE_A_HYDRAULICEFFECTSONHOOKLOAD.dsav, undefined"
"https://broker.endpoints.service-project-us-prod-1a95.cloud.goog?app=drilling-simulator&drillSimFile=https://raw.githubusercontent.com/endeavortechnologies/modulesAndSaves/main/IADC_SURFACE_A_LOTFIT.dsav, https://broker.endpoints.service-project-us-dev-3f0c.cloud.goog?app=drilling-simulator&drillSimFile=https://raw.githubusercontent.com/endeavortechnologies/modulesAndSaves/main/IADC_SURFACE_A_LOTFIT.dsav, undefined"
"https://broker.endpoints.service-project-us-prod-1a95.cloud.goog?app=drilling-simulator&drillSimFile=https://raw.githubusercontent.com/endeavortechnologies/modulesAndSaves/main/IADC_SURFACE_A_MAASP.dsav, https://broker.endpoints.service-project-us-dev-3f0c.cloud.goog?app=drilling-simulator&drillSimFile=https://raw.githubusercontent.com/endeavortechnologies/modulesAndSaves/main/IADC_SURFACE_A_MAASP.dsav, undefined"
"https://broker.endpoints.service-project-us-prod-1a95.cloud.goog?app=drilling-simulator&drillSimFile=https://raw.githubusercontent.com/endeavortechnologies/modulesAndSaves/main/IADC_SURFACE_A_MAASP_BIGKICK.dsav, https://broker.endpoints.service-project-us-dev-3f0c.cloud.goog?app=drilling-simulator&drillSimFile=https://raw.githubusercontent.com/endeavortechnologies/modulesAndSaves/main/IADC_SURFACE_A_MAASP_BIGKICK.dsav, undefined"
"https://broker.endpoints.service-project-us-prod-1a95.cloud.goog?app=drilling-simulator&drillSimFile=https://raw.githubusercontent.com/endeavortechnologies/modulesAndSaves/main/IADC_SURFACE_A_MAASP_SMALLKICK.dsav, https://broker.endpoints.service-project-us-dev-3f0c.cloud.goog?app=drilling-simulator&drillSimFile=https://raw.githubusercontent.com/endeavortechnologies/modulesAndSaves/main/IADC_SURFACE_A_MAASP_SMALLKICK.dsav, undefined"
"https://broker.endpoints.service-project-us-prod-1a95.cloud.goog?app=drilling-simulator&drillSimFile=https://raw.githubusercontent.com/endeavortechnologies/modulesAndSaves/main/IADC_SURFACE_A_OBM.dsav, https://broker.endpoints.service-project-us-dev-3f0c.cloud.goog?app=drilling-simulator&drillSimFile=https://raw.githubusercontent.com/endeavortechnologies/modulesAndSaves/main/IADC_SURFACE_A_OBM.dsav, undefined"
"https://broker.endpoints.service-project-us-prod-1a95.cloud.goog?app=drilling-simulator&drillSimFile=https://raw.githubusercontent.com/endeavortechnologies/modulesAndSaves/main/IADC_SURFACE_A_SURGEANDSWAB.dsav, https://broker.endpoints.service-project-us-dev-3f0c.cloud.goog?app=drilling-simulator&drillSimFile=https://raw.githubusercontent.com/endeavortechnologies/modulesAndSaves/main/IADC_SURFACE_A_SURGEANDSWAB.dsav, undefined"
"https://broker.endpoints.service-project-us-prod-1a95.cloud.goog?app=drilling-simulator&drillSimFile=https://raw.githubusercontent.com/endeavortechnologies/modulesAndSaves/main/IADC_SURFACE_A_UTUBING.dsav, https://broker.endpoints.service-project-us-dev-3f0c.cloud.goog?app=drilling-simulator&drillSimFile=https://raw.githubusercontent.com/endeavortechnologies/modulesAndSaves/main/IADC_SURFACE_A_UTUBING.dsav, undefined"
"https://broker.endpoints.service-project-us-prod-1a95.cloud.goog?app=drilling-simulator&drillSimFile=https://raw.githubusercontent.com/endeavortechnologies/modulesAndSaves/main/IADC_SURFACE_A_WBM.dsav, https://broker.endpoints.service-project-us-dev-3f0c.cloud.goog?app=drilling-simulator&drillSimFile=https://raw.githubusercontent.com/endeavortechnologies/modulesAndSaves/main/IADC_SURFACE_A_WBM.dsav, undefined"
"https://broker.endpoints.service-project-us-prod-1a95.cloud.goog?app=drilling-simulator&drillSimFile=https://raw.githubusercontent.com/endeavortechnologies/modulesAndSaves/main/IADC_SURFACE_B_1.dsav, https://broker.endpoints.service-project-us-dev-3f0c.cloud.goog?app=drilling-simulator&drillSimFile=https://raw.githubusercontent.com/endeavortechnologies/modulesAndSaves/main/IADC_SURFACE_B_1.dsav, undefined"
"https://broker.endpoints.service-project-us-prod-1a95.cloud.goog?app=drilling-simulator&drillSimFile=https://raw.githubusercontent.com/endeavortechnologies/modulesAndSaves/main/IADC_SURFACE_B_1_NONPORTEDFLOAT.dsav, https://broker.endpoints.service-project-us-dev-3f0c.cloud.goog?app=drilling-simulator&drillSimFile=https://raw.githubusercontent.com/endeavortechnologies/modulesAndSaves/main/IADC_SURFACE_B_1_NONPORTEDFLOAT.dsav, undefined"
"https://broker.endpoints.service-project-us-prod-1a95.cloud.goog?app=drilling-simulator&drillSimFile=https://raw.githubusercontent.com/endeavortechnologies/modulesAndSaves/main/IADC_SURFACE_B_1_REDCLOSED.dsav, https://broker.endpoints.service-project-us-dev-3f0c.cloud.goog?app=drilling-simulator&drillSimFile=https://raw.githubusercontent.com/endeavortechnologies/modulesAndSaves/main/IADC_SURFACE_B_1_REDCLOSED.dsav, undefined"
"https://broker.endpoints.service-project-us-prod-1a95.cloud.goog?app=drilling-simulator&drillSimFile=https://raw.githubusercontent.com/endeavortechnologies/modulesAndSaves/main/IADC_SURFACE_B_2.dsav, https://broker.endpoints.service-project-us-dev-3f0c.cloud.goog?app=drilling-simulator&drillSimFile=https://raw.githubusercontent.com/endeavortechnologies/modulesAndSaves/main/IADC_SURFACE_B_2.dsav, undefined"
"https://broker.endpoints.service-project-us-prod-1a95.cloud.goog?app=drilling-simulator&drillSimFile=https://raw.githubusercontent.com/endeavortechnologies/modulesAndSaves/main/IADC_SURFACE_B_2_NONPORTEDFLOAT.dsav, https://broker.endpoints.service-project-us-dev-3f0c.cloud.goog?app=drilling-simulator&drillSimFile=https://raw.githubusercontent.com/endeavortechnologies/modulesAndSaves/main/IADC_SURFACE_B_2_NONPORTEDFLOAT.dsav, undefined"
"https://broker.endpoints.service-project-us-prod-1a95.cloud.goog?app=drilling-simulator&drillSimFile=https://raw.githubusercontent.com/endeavortechnologies/modulesAndSaves/main/IADC_SURFACE_B_2_REDCLOSED.dsav, https://broker.endpoints.service-project-us-dev-3f0c.cloud.goog?app=drilling-simulator&drillSimFile=https://raw.githubusercontent.com/endeavortechnologies/modulesAndSaves/main/IADC_SURFACE_B_2_REDCLOSED.dsav, undefined"
"https://broker.endpoints.service-project-us-prod-1a95.cloud.goog?app=drilling-simulator&drillSimFile=https://raw.githubusercontent.com/endeavortechnologies/modulesAndSaves/main/IADC_SURFACE_B_3.dsav, https://broker.endpoints.service-project-us-dev-3f0c.cloud.goog?app=drilling-simulator&drillSimFile=https://raw.githubusercontent.com/endeavortechnologies/modulesAndSaves/main/IADC_SURFACE_B_3.dsav, undefined"
"https://broker.endpoints.service-project-us-prod-1a95.cloud.goog?app=drilling-simulator&drillSimFile=https://raw.githubusercontent.com/endeavortechnologies/modulesAndSaves/main/IADC_SURFACE_B_3_NONPORTEDFLOAT.dsav, https://broker.endpoints.service-project-us-dev-3f0c.cloud.goog?app=drilling-simulator&drillSimFile=https://raw.githubusercontent.com/endeavortechnologies/modulesAndSaves/main/IADC_SURFACE_B_3_NONPORTEDFLOAT.dsav, undefined"
"https://broker.endpoints.service-project-us-prod-1a95.cloud.goog?app=drilling-simulator&drillSimFile=https://raw.githubusercontent.com/endeavortechnologies/modulesAndSaves/main/IADC_SURFACE_B_3_REDCLOSED.dsav, https://broker.endpoints.service-project-us-dev-3f0c.cloud.goog?app=drilling-simulator&drillSimFile=https://raw.githubusercontent.com/endeavortechnologies/modulesAndSaves/main/IADC_SURFACE_B_3_REDCLOSED.dsav, undefined"
"https://broker.endpoints.service-project-us-prod-1a95.cloud.goog?app=drilling-simulator&drillSimFile=https://raw.githubusercontent.com/endeavortechnologies/modulesAndSaves/main/IADC_SURFACE_B_4.dsav, https://broker.endpoints.service-project-us-dev-3f0c.cloud.goog?app=drilling-simulator&drillSimFile=https://raw.githubusercontent.com/endeavortechnologies/modulesAndSaves/main/IADC_SURFACE_B_4.dsav, undefined"
"https://broker.endpoints.service-project-us-prod-1a95.cloud.goog?app=drilling-simulator&drillSimFile=https://raw.githubusercontent.com/endeavortechnologies/modulesAndSaves/main/IADC_SURFACE_B_4_NONPORTEDFLOAT.dsav, https://broker.endpoints.service-project-us-dev-3f0c.cloud.goog?app=drilling-simulator&drillSimFile=https://raw.githubusercontent.com/endeavortechnologies/modulesAndSaves/main/IADC_SURFACE_B_4_NONPORTEDFLOAT.dsav, undefined"
"https://broker.endpoints.service-project-us-prod-1a95.cloud.goog?app=drilling-simulator&drillSimFile=https://raw.githubusercontent.com/endeavortechnologies/modulesAndSaves/main/IADC_SURFACE_B_4_REDCLOSED.dsav, https://broker.endpoints.service-project-us-dev-3f0c.cloud.goog?app=drilling-simulator&drillSimFile=https://raw.githubusercontent.com/endeavortechnologies/modulesAndSaves/main/IADC_SURFACE_B_4_REDCLOSED.dsav, undefined"
"https://broker.endpoints.service-project-us-prod-1a95.cloud.goog?app=drilling-simulator&drillSimFile=https://raw.githubusercontent.com/endeavortechnologies/modulesAndSaves/main/IADC_SURFACE_B_5.dsav, https://broker.endpoints.service-project-us-dev-3f0c.cloud.goog?app=drilling-simulator&drillSimFile=https://raw.githubusercontent.com/endeavortechnologies/modulesAndSaves/main/IADC_SURFACE_B_5.dsav, undefined"
"https://broker.endpoints.service-project-us-prod-1a95.cloud.goog?app=drilling-simulator&drillSimFile=https://raw.githubusercontent.com/endeavortechnologies/modulesAndSaves/main/IADC_SURFACE_B_5_NONPORTEDFLOAT.dsav, https://broker.endpoints.service-project-us-dev-3f0c.cloud.goog?app=drilling-simulator&drillSimFile=https://raw.githubusercontent.com/endeavortechnologies/modulesAndSaves/main/IADC_SURFACE_B_5_NONPORTEDFLOAT.dsav, undefined"
"https://broker.endpoints.service-project-us-prod-1a95.cloud.goog?app=drilling-simulator&drillSimFile=https://raw.githubusercontent.com/endeavortechnologies/modulesAndSaves/main/IADC_SURFACE_B_5_REDCLOSED.dsav, https://broker.endpoints.service-project-us-dev-3f0c.cloud.goog?app=drilling-simulator&drillSimFile=https://raw.githubusercontent.com/endeavortechnologies/modulesAndSaves/main/IADC_SURFACE_B_5_REDCLOSED.dsav, undefined"
"https://broker.endpoints.service-project-us-prod-1a95.cloud.goog?app=drilling-simulator&drillSimFile=https://raw.githubusercontent.com/endeavortechnologies/modulesAndSaves/main/IADC_SURFACE_B_6.dsav, https://broker.endpoints.service-project-us-dev-3f0c.cloud.goog?app=drilling-simulator&drillSimFile=https://raw.githubusercontent.com/endeavortechnologies/modulesAndSaves/main/IADC_SURFACE_B_6.dsav, undefined"
"https://broker.endpoints.service-project-us-prod-1a95.cloud.goog?app=drilling-simulator&drillSimFile=https://raw.githubusercontent.com/endeavortechnologies/modulesAndSaves/main/IADC_SURFACE_B_6_NONPORTEDFLOAT.dsav, https://broker.endpoints.service-project-us-dev-3f0c.cloud.goog?app=drilling-simulator&drillSimFile=https://raw.githubusercontent.com/endeavortechnologies/modulesAndSaves/main/IADC_SURFACE_B_6_NONPORTEDFLOAT.dsav, undefined"
"https://broker.endpoints.service-project-us-prod-1a95.cloud.goog?app=drilling-simulator&drillSimFile=https://raw.githubusercontent.com/endeavortechnologies/modulesAndSaves/main/IADC_SURFACE_B_6_REDCLOSED.dsav, https://broker.endpoints.service-project-us-dev-3f0c.cloud.goog?app=drilling-simulator&drillSimFile=https://raw.githubusercontent.com/endeavortechnologies/modulesAndSaves/main/IADC_SURFACE_B_6_REDCLOSED.dsav, undefined"
"https://broker.endpoints.service-project-us-prod-1a95.cloud.goog?app=drilling-simulator&drillSimFile=https://raw.githubusercontent.com/endeavortechnologies/modulesAndSaves/main/IADC_SURFACE_B_7.dsav, https://broker.endpoints.service-project-us-dev-3f0c.cloud.goog?app=drilling-simulator&drillSimFile=https://raw.githubusercontent.com/endeavortechnologies/modulesAndSaves/main/IADC_SURFACE_B_7.dsav, undefined"
"https://broker.endpoints.service-project-us-prod-1a95.cloud.goog?app=drilling-simulator&drillSimFile=https://raw.githubusercontent.com/endeavortechnologies/modulesAndSaves/main/IADC_SURFACE_B_7_NONPORTEDFLOAT.dsav, https://broker.endpoints.service-project-us-dev-3f0c.cloud.goog?app=drilling-simulator&drillSimFile=https://raw.githubusercontent.com/endeavortechnologies/modulesAndSaves/main/IADC_SURFACE_B_7_NONPORTEDFLOAT.dsav, undefined"
"https://broker.endpoints.service-project-us-prod-1a95.cloud.goog?app=drilling-simulator&drillSimFile=https://raw.githubusercontent.com/endeavortechnologies/modulesAndSaves/main/IADC_SURFACE_B_7_REDCLOSED.dsav, https://broker.endpoints.service-project-us-dev-3f0c.cloud.goog?app=drilling-simulator&drillSimFile=https://raw.githubusercontent.com/endeavortechnologies/modulesAndSaves/main/IADC_SURFACE_B_7_REDCLOSED.dsav, undefined"
"https://broker.endpoints.service-project-us-prod-1a95.cloud.goog?app=drilling-simulator&drillSimFile=https://raw.githubusercontent.com/endeavortechnologies/modulesAndSaves/main/IADC_SURFACE_B_8.dsav, https://broker.endpoints.service-project-us-dev-3f0c.cloud.goog?app=drilling-simulator&drillSimFile=https://raw.githubusercontent.com/endeavortechnologies/modulesAndSaves/main/IADC_SURFACE_B_8.dsav, undefined"
"https://broker.endpoints.service-project-us-prod-1a95.cloud.goog?app=drilling-simulator&drillSimFile=https://raw.githubusercontent.com/endeavortechnologies/modulesAndSaves/main/IADC_SURFACE_B_8_NONPORTEDFLOAT.dsav, https://broker.endpoints.service-project-us-dev-3f0c.cloud.goog?app=drilling-simulator&drillSimFile=https://raw.githubusercontent.com/endeavortechnologies/modulesAndSaves/main/IADC_SURFACE_B_8_NONPORTEDFLOAT.dsav, undefined"
"https://broker.endpoints.service-project-us-prod-1a95.cloud.goog?app=drilling-simulator&drillSimFile=https://raw.githubusercontent.com/endeavortechnologies/modulesAndSaves/main/IADC_SURFACE_B_8_REDCLOSED.dsav, https://broker.endpoints.service-project-us-dev-3f0c.cloud.goog?app=drilling-simulator&drillSimFile=https://raw.githubusercontent.com/endeavortechnologies/modulesAndSaves/main/IADC_SURFACE_B_8_REDCLOSED.dsav, undefined"
"https://broker.endpoints.service-project-us-prod-1a95.cloud.goog?app=drilling-simulator&drillSimFile=https://raw.githubusercontent.com/endeavortechnologies/modulesAndSaves/main/IADC_SURFACE_C_1.dsav, https://broker.endpoints.service-project-us-dev-3f0c.cloud.goog?app=drilling-simulator&drillSimFile=https://raw.githubusercontent.com/endeavortechnologies/modulesAndSaves/main/IADC_SURFACE_C_1.dsav, undefined"
"https://broker.endpoints.service-project-us-prod-1a95.cloud.goog?app=drilling-simulator&drillSimFile=https://raw.githubusercontent.com/endeavortechnologies/modulesAndSaves/main/IADC_SURFACE_C_1_NONPORTEDFLOAT.dsav, https://broker.endpoints.service-project-us-dev-3f0c.cloud.goog?app=drilling-simulator&drillSimFile=https://raw.githubusercontent.com/endeavortechnologies/modulesAndSaves/main/IADC_SURFACE_C_1_NONPORTEDFLOAT.dsav, undefined"
"https://broker.endpoints.service-project-us-prod-1a95.cloud.goog?app=drilling-simulator&drillSimFile=https://raw.githubusercontent.com/endeavortechnologies/modulesAndSaves/main/IADC_SURFACE_C_1_REDCLOSED.dsav, https://broker.endpoints.service-project-us-dev-3f0c.cloud.goog?app=drilling-simulator&drillSimFile=https://raw.githubusercontent.com/endeavortechnologies/modulesAndSaves/main/IADC_SURFACE_C_1_REDCLOSED.dsav, undefined"
"https://broker.endpoints.service-project-us-prod-1a95.cloud.goog?app=drilling-simulator&drillSimFile=https://raw.githubusercontent.com/endeavortechnologies/modulesAndSaves/main/IADC_SURFACE_C_2.dsav, https://broker.endpoints.service-project-us-dev-3f0c.cloud.goog?app=drilling-simulator&drillSimFile=https://raw.githubusercontent.com/endeavortechnologies/modulesAndSaves/main/IADC_SURFACE_C_2.dsav, undefined"
"https://broker.endpoints.service-project-us-prod-1a95.cloud.goog?app=drilling-simulator&drillSimFile=https://raw.githubusercontent.com/endeavortechnologies/modulesAndSaves/main/IADC_SURFACE_C_2_NONPORTEDFLOAT.dsav, https://broker.endpoints.service-project-us-dev-3f0c.cloud.goog?app=drilling-simulator&drillSimFile=https://raw.githubusercontent.com/endeavortechnologies/modulesAndSaves/main/IADC_SURFACE_C_2_NONPORTEDFLOAT.dsav, undefined"
"https://broker.endpoints.service-project-us-prod-1a95.cloud.goog?app=drilling-simulator&drillSimFile=https://raw.githubusercontent.com/endeavortechnologies/modulesAndSaves/main/IADC_SURFACE_C_2_REDCLOSED.dsav, https://broker.endpoints.service-project-us-dev-3f0c.cloud.goog?app=drilling-simulator&drillSimFile=https://raw.githubusercontent.com/endeavortechnologies/modulesAndSaves/main/IADC_SURFACE_C_2_REDCLOSED.dsav, undefined"
"https://broker.endpoints.service-project-us-prod-1a95.cloud.goog?app=drilling-simulator&drillSimFile=https://raw.githubusercontent.com/endeavortechnologies/modulesAndSaves/main/IADC_SURFACE_C_3.dsav, https://broker.endpoints.service-project-us-dev-3f0c.cloud.goog?app=drilling-simulator&drillSimFile=https://raw.githubusercontent.com/endeavortechnologies/modulesAndSaves/main/IADC_SURFACE_C_3.dsav, undefined"
"https://broker.endpoints.service-project-us-prod-1a95.cloud.goog?app=drilling-simulator&drillSimFile=https://raw.githubusercontent.com/endeavortechnologies/modulesAndSaves/main/IADC_SURFACE_C_3_NONPORTEDFLOAT.dsav, https://broker.endpoints.service-project-us-dev-3f0c.cloud.goog?app=drilling-simulator&drillSimFile=https://raw.githubusercontent.com/endeavortechnologies/modulesAndSaves/main/IADC_SURFACE_C_3_NONPORTEDFLOAT.dsav, undefined"
"https://broker.endpoints.service-project-us-prod-1a95.cloud.goog?app=drilling-simulator&drillSimFile=https://raw.githubusercontent.com/endeavortechnologies/modulesAndSaves/main/IADC_SURFACE_C_3_REDCLOSED.dsav, https://broker.endpoints.service-project-us-dev-3f0c.cloud.goog?app=drilling-simulator&drillSimFile=https://raw.githubusercontent.com/endeavortechnologies/modulesAndSaves/main/IADC_SURFACE_C_3_REDCLOSED.dsav, undefined"
"https://broker.endpoints.service-project-us-prod-1a95.cloud.goog?app=drilling-simulator&drillSimFile=https://raw.githubusercontent.com/endeavortechnologies/modulesAndSaves/main/IADC_SURFACE_C_4.dsav, https://broker.endpoints.service-project-us-dev-3f0c.cloud.goog?app=drilling-simulator&drillSimFile=https://raw.githubusercontent.com/endeavortechnologies/modulesAndSaves/main/IADC_SURFACE_C_4.dsav, undefined"
"https://broker.endpoints.service-project-us-prod-1a95.cloud.goog?app=drilling-simulator&drillSimFile=https://raw.githubusercontent.com/endeavortechnologies/modulesAndSaves/main/IADC_SURFACE_C_4_NONPORTEDFLOAT.dsav, https://broker.endpoints.service-project-us-dev-3f0c.cloud.goog?app=drilling-simulator&drillSimFile=https://raw.githubusercontent.com/endeavortechnologies/modulesAndSaves/main/IADC_SURFACE_C_4_NONPORTEDFLOAT.dsav, undefined"
"https://broker.endpoints.service-project-us-prod-1a95.cloud.goog?app=drilling-simulator&drillSimFile=https://raw.githubusercontent.com/endeavortechnologies/modulesAndSaves/main/IADC_SURFACE_C_4_REDCLOSED.dsav, https://broker.endpoints.service-project-us-dev-3f0c.cloud.goog?app=drilling-simulator&drillSimFile=https://raw.githubusercontent.com/endeavortechnologies/modulesAndSaves/main/IADC_SURFACE_C_4_REDCLOSED.dsav, undefined"
"https://broker.endpoints.service-project-us-prod-1a95.cloud.goog?app=drilling-simulator&drillSimFile=https://raw.githubusercontent.com/endeavortechnologies/modulesAndSaves/main/IADC_SURFACE_C_5.dsav, https://broker.endpoints.service-project-us-dev-3f0c.cloud.goog?app=drilling-simulator&drillSimFile=https://raw.githubusercontent.com/endeavortechnologies/modulesAndSaves/main/IADC_SURFACE_C_5.dsav, undefined"
"https://broker.endpoints.service-project-us-prod-1a95.cloud.goog?app=drilling-simulator&drillSimFile=https://raw.githubusercontent.com/endeavortechnologies/modulesAndSaves/main/IADC_SURFACE_C_5_NONPORTEDFLOAT.dsav, https://broker.endpoints.service-project-us-dev-3f0c.cloud.goog?app=drilling-simulator&drillSimFile=https://raw.githubusercontent.com/endeavortechnologies/modulesAndSaves/main/IADC_SURFACE_C_5_NONPORTEDFLOAT.dsav, undefined"
"https://broker.endpoints.service-project-us-prod-1a95.cloud.goog?app=drilling-simulator&drillSimFile=https://raw.githubusercontent.com/endeavortechnologies/modulesAndSaves/main/IADC_SURFACE_C_5_REDCLOSED.dsav, https://broker.endpoints.service-project-us-dev-3f0c.cloud.goog?app=drilling-simulator&drillSimFile=https://raw.githubusercontent.com/endeavortechnologies/modulesAndSaves/main/IADC_SURFACE_C_5_REDCLOSED.dsav, undefined"
"https://broker.endpoints.service-project-us-prod-1a95.cloud.goog?app=drilling-simulator&drillSimFile=https://raw.githubusercontent.com/endeavortechnologies/modulesAndSaves/main/IADC_SURFACE_C_6.dsav, https://broker.endpoints.service-project-us-dev-3f0c.cloud.goog?app=drilling-simulator&drillSimFile=https://raw.githubusercontent.com/endeavortechnologies/modulesAndSaves/main/IADC_SURFACE_C_6.dsav, undefined"
"https://broker.endpoints.service-project-us-prod-1a95.cloud.goog?app=drilling-simulator&drillSimFile=https://raw.githubusercontent.com/endeavortechnologies/modulesAndSaves/main/IADC_SURFACE_C_6_NONPORTEDFLOAT.dsav, https://broker.endpoints.service-project-us-dev-3f0c.cloud.goog?app=drilling-simulator&drillSimFile=https://raw.githubusercontent.com/endeavortechnologies/modulesAndSaves/main/IADC_SURFACE_C_6_NONPORTEDFLOAT.dsav, undefined"
"https://broker.endpoints.service-project-us-prod-1a95.cloud.goog?app=drilling-simulator&drillSimFile=https://raw.githubusercontent.com/endeavortechnologies/modulesAndSaves/main/IADC_SURFACE_C_6_REDCLOSED.dsav, https://broker.endpoints.service-project-us-dev-3f0c.cloud.goog?app=drilling-simulator&drillSimFile=https://raw.githubusercontent.com/endeavortechnologies/modulesAndSaves/main/IADC_SURFACE_C_6_REDCLOSED.dsav, undefined"
"https://broker.endpoints.service-project-us-prod-1a95.cloud.goog?app=drilling-simulator&drillSimFile=https://raw.githubusercontent.com/endeavortechnologies/modulesAndSaves/main/IADC_SURFACE_C_7.dsav, https://broker.endpoints.service-project-us-dev-3f0c.cloud.goog?app=drilling-simulator&drillSimFile=https://raw.githubusercontent.com/endeavortechnologies/modulesAndSaves/main/IADC_SURFACE_C_7.dsav, undefined"
"https://broker.endpoints.service-project-us-prod-1a95.cloud.goog?app=drilling-simulator&drillSimFile=https://raw.githubusercontent.com/endeavortechnologies/modulesAndSaves/main/IADC_SURFACE_C_7_NONPORTEDFLOAT.dsav, https://broker.endpoints.service-project-us-dev-3f0c.cloud.goog?app=drilling-simulator&drillSimFile=https://raw.githubusercontent.com/endeavortechnologies/modulesAndSaves/main/IADC_SURFACE_C_7_NONPORTEDFLOAT.dsav, undefined"
"https://broker.endpoints.service-project-us-prod-1a95.cloud.goog?app=drilling-simulator&drillSimFile=https://raw.githubusercontent.com/endeavortechnologies/modulesAndSaves/main/IADC_SURFACE_C_7_REDCLOSED.dsav, https://broker.endpoints.service-project-us-dev-3f0c.cloud.goog?app=drilling-simulator&drillSimFile=https://raw.githubusercontent.com/endeavortechnologies/modulesAndSaves/main/IADC_SURFACE_C_7_REDCLOSED.dsav, undefined"
"https://broker.endpoints.service-project-us-prod-1a95.cloud.goog?app=drilling-simulator&drillSimFile=https://raw.githubusercontent.com/endeavortechnologies/modulesAndSaves/main/IADC_SURFACE_C_8.dsav, https://broker.endpoints.service-project-us-dev-3f0c.cloud.goog?app=drilling-simulator&drillSimFile=https://raw.githubusercontent.com/endeavortechnologies/modulesAndSaves/main/IADC_SURFACE_C_8.dsav, undefined"
"https://broker.endpoints.service-project-us-prod-1a95.cloud.goog?app=drilling-simulator&drillSimFile=https://raw.githubusercontent.com/endeavortechnologies/modulesAndSaves/main/IADC_SURFACE_C_8_NONPORTEDFLOAT.dsav, https://broker.endpoints.service-project-us-dev-3f0c.cloud.goog?app=drilling-simulator&drillSimFile=https://raw.githubusercontent.com/endeavortechnologies/modulesAndSaves/main/IADC_SURFACE_C_8_NONPORTEDFLOAT.dsav, undefined"
"https://broker.endpoints.service-project-us-prod-1a95.cloud.goog?app=drilling-simulator&drillSimFile=https://raw.githubusercontent.com/endeavortechnologies/modulesAndSaves/main/IADC_SURFACE_C_8_REDCLOSED.dsav, https://broker.endpoints.service-project-us-dev-3f0c.cloud.goog?app=drilling-simulator&drillSimFile=https://raw.githubusercontent.com/endeavortechnologies/modulesAndSaves/main/IADC_SURFACE_C_8_REDCLOSED.dsav, undefined"
"https://broker.endpoints.service-project-us-prod-1a95.cloud.goog?app=drilling-simulator&drillSimFile=https://raw.githubusercontent.com/endeavortechnologies/modulesAndSaves/main/IADC_SURFACE_DELTA_1.dsav, https://broker.endpoints.service-project-us-dev-3f0c.cloud.goog?app=drilling-simulator&drillSimFile=https://raw.githubusercontent.com/endeavortechnologies/modulesAndSaves/main/IADC_SURFACE_DELTA_1.dsav, undefined"
"https://broker.endpoints.service-project-us-prod-1a95.cloud.goog?app=drilling-simulator&drillSimFile=https://raw.githubusercontent.com/endeavortechnologies/modulesAndSaves/main/IADC_SURFACE_DELTA_1_NONPORTED.dsav, https://broker.endpoints.service-project-us-dev-3f0c.cloud.goog?app=drilling-simulator&drillSimFile=https://raw.githubusercontent.com/endeavortechnologies/modulesAndSaves/main/IADC_SURFACE_DELTA_1_NONPORTED.dsav, undefined"
"https://broker.endpoints.service-project-us-prod-1a95.cloud.goog?app=drilling-simulator&drillSimFile=https://raw.githubusercontent.com/endeavortechnologies/modulesAndSaves/main/IADC_SURFACE_DELTA_1_NONPORTED_REDCLOSED.dsav, https://broker.endpoints.service-project-us-dev-3f0c.cloud.goog?app=drilling-simulator&drillSimFile=https://raw.githubusercontent.com/endeavortechnologies/modulesAndSaves/main/IADC_SURFACE_DELTA_1_NONPORTED_REDCLOSED.dsav, undefined"
"https://broker.endpoints.service-project-us-prod-1a95.cloud.goog?app=drilling-simulator&drillSimFile=https://raw.githubusercontent.com/endeavortechnologies/modulesAndSaves/main/IADC_SURFACE_DELTA_1_REDCLOSED.dsav, https://broker.endpoints.service-project-us-dev-3f0c.cloud.goog?app=drilling-simulator&drillSimFile=https://raw.githubusercontent.com/endeavortechnologies/modulesAndSaves/main/IADC_SURFACE_DELTA_1_REDCLOSED.dsav, undefined"
"https://broker.endpoints.service-project-us-prod-1a95.cloud.goog?app=drilling-simulator&drillSimFile=https://raw.githubusercontent.com/endeavortechnologies/modulesAndSaves/main/IADC_SURFACE_DELTA_2.dsav, https://broker.endpoints.service-project-us-dev-3f0c.cloud.goog?app=drilling-simulator&drillSimFile=https://raw.githubusercontent.com/endeavortechnologies/modulesAndSaves/main/IADC_SURFACE_DELTA_2.dsav, undefined"
"https://broker.endpoints.service-project-us-prod-1a95.cloud.goog?app=drilling-simulator&drillSimFile=https://raw.githubusercontent.com/endeavortechnologies/modulesAndSaves/main/IADC_SURFACE_DELTA_2_NONPORTED.dsav, https://broker.endpoints.service-project-us-dev-3f0c.cloud.goog?app=drilling-simulator&drillSimFile=https://raw.githubusercontent.com/endeavortechnologies/modulesAndSaves/main/IADC_SURFACE_DELTA_2_NONPORTED.dsav, undefined"
"https://broker.endpoints.service-project-us-prod-1a95.cloud.goog?app=drilling-simulator&drillSimFile=https://raw.githubusercontent.com/endeavortechnologies/modulesAndSaves/main/IADC_SURFACE_DELTA_2_NONPORTED_REDCLOSED.dsav, https://broker.endpoints.service-project-us-dev-3f0c.cloud.goog?app=drilling-simulator&drillSimFile=https://raw.githubusercontent.com/endeavortechnologies/modulesAndSaves/main/IADC_SURFACE_DELTA_2_NONPORTED_REDCLOSED.dsav, undefined"
"https://broker.endpoints.service-project-us-prod-1a95.cloud.goog?app=drilling-simulator&drillSimFile=https://raw.githubusercontent.com/endeavortechnologies/modulesAndSaves/main/IADC_SURFACE_DELTA_2_REDCLOSED.dsav, https://broker.endpoints.service-project-us-dev-3f0c.cloud.goog?app=drilling-simulator&drillSimFile=https://raw.githubusercontent.com/endeavortechnologies/modulesAndSaves/main/IADC_SURFACE_DELTA_2_REDCLOSED.dsav, undefined"
"https://broker.endpoints.service-project-us-prod-1a95.cloud.goog?app=drilling-simulator&drillSimFile=https://raw.githubusercontent.com/endeavortechnologies/modulesAndSaves/main/IADC_SURFACE_DELTA_3.dsav, https://broker.endpoints.service-project-us-dev-3f0c.cloud.goog?app=drilling-simulator&drillSimFile=https://raw.githubusercontent.com/endeavortechnologies/modulesAndSaves/main/IADC_SURFACE_DELTA_3.dsav, undefined"
"https://broker.endpoints.service-project-us-prod-1a95.cloud.goog?app=drilling-simulator&drillSimFile=https://raw.githubusercontent.com/endeavortechnologies/modulesAndSaves/main/IADC_SURFACE_DELTA_3_NONPORTED.dsav, https://broker.endpoints.service-project-us-dev-3f0c.cloud.goog?app=drilling-simulator&drillSimFile=https://raw.githubusercontent.com/endeavortechnologies/modulesAndSaves/main/IADC_SURFACE_DELTA_3_NONPORTED.dsav, undefined"
"https://broker.endpoints.service-project-us-prod-1a95.cloud.goog?app=drilling-simulator&drillSimFile=https://raw.githubusercontent.com/endeavortechnologies/modulesAndSaves/main/IADC_SURFACE_DELTA_3_NONPORTED_REDCLOSED.dsav, https://broker.endpoints.service-project-us-dev-3f0c.cloud.goog?app=drilling-simulator&drillSimFile=https://raw.githubusercontent.com/endeavortechnologies/modulesAndSaves/main/IADC_SURFACE_DELTA_3_NONPORTED_REDCLOSED.dsav, undefined"
"https://broker.endpoints.service-project-us-prod-1a95.cloud.goog?app=drilling-simulator&drillSimFile=https://raw.githubusercontent.com/endeavortechnologies/modulesAndSaves/main/IADC_SURFACE_DELTA_3_REDCLOSED.dsav, https://broker.endpoints.service-project-us-dev-3f0c.cloud.goog?app=drilling-simulator&drillSimFile=https://raw.githubusercontent.com/endeavortechnologies/modulesAndSaves/main/IADC_SURFACE_DELTA_3_REDCLOSED.dsav, undefined"
"https://broker.endpoints.service-project-us-prod-1a95.cloud.goog?app=drilling-simulator&drillSimFile=https://raw.githubusercontent.com/endeavortechnologies/modulesAndSaves/main/IADC_SURFACE_DELTA_4.DSAV, https://broker.endpoints.service-project-us-dev-3f0c.cloud.goog?app=drilling-simulator&drillSimFile=https://raw.githubusercontent.com/endeavortechnologies/modulesAndSaves/main/IADC_SURFACE_DELTA_4.DSAV, undefined"
"https://broker.endpoints.service-project-us-prod-1a95.cloud.goog?app=drilling-simulator&drillSimFile=https://raw.githubusercontent.com/endeavortechnologies/modulesAndSaves/main/IADC_SURFACE_DELTA_4_NONPORTED.DSAV, https://broker.endpoints.service-project-us-dev-3f0c.cloud.goog?app=drilling-simulator&drillSimFile=https://raw.githubusercontent.com/endeavortechnologies/modulesAndSaves/main/IADC_SURFACE_DELTA_4_NONPORTED.DSAV, undefined"
"https://broker.endpoints.service-project-us-prod-1a95.cloud.goog?app=drilling-simulator&drillSimFile=https://raw.githubusercontent.com/endeavortechnologies/modulesAndSaves/main/IADC_SURFACE_DELTA_4_NONPORTED_REDCLOSED.DSAV, https://broker.endpoints.service-project-us-dev-3f0c.cloud.goog?app=drilling-simulator&drillSimFile=https://raw.githubusercontent.com/endeavortechnologies/modulesAndSaves/main/IADC_SURFACE_DELTA_4_NONPORTED_REDCLOSED.DSAV, undefined"
"https://broker.endpoints.service-project-us-prod-1a95.cloud.goog?app=drilling-simulator&drillSimFile=https://raw.githubusercontent.com/endeavortechnologies/modulesAndSaves/main/IADC_SURFACE_DELTA_4_REDCLOSED.DSAV, https://broker.endpoints.service-project-us-dev-3f0c.cloud.goog?app=drilling-simulator&drillSimFile=https://raw.githubusercontent.com/endeavortechnologies/modulesAndSaves/main/IADC_SURFACE_DELTA_4_REDCLOSED.DSAV, undefined"
"https://broker.endpoints.service-project-us-prod-1a95.cloud.goog?app=drilling-simulator&drillSimFile=https://raw.githubusercontent.com/endeavortechnologies/modulesAndSaves/main/IADC_SURFACE_DELTA_5.dsav, https://broker.endpoints.service-project-us-dev-3f0c.cloud.goog?app=drilling-simulator&drillSimFile=https://raw.githubusercontent.com/endeavortechnologies/modulesAndSaves/main/IADC_SURFACE_DELTA_5.dsav, undefined"
"https://broker.endpoints.service-project-us-prod-1a95.cloud.goog?app=drilling-simulator&drillSimFile=https://raw.githubusercontent.com/endeavortechnologies/modulesAndSaves/main/IADC_SURFACE_DELTA_5_NONPORTED.dsav, https://broker.endpoints.service-project-us-dev-3f0c.cloud.goog?app=drilling-simulator&drillSimFile=https://raw.githubusercontent.com/endeavortechnologies/modulesAndSaves/main/IADC_SURFACE_DELTA_5_NONPORTED.dsav, undefined"
"https://broker.endpoints.service-project-us-prod-1a95.cloud.goog?app=drilling-simulator&drillSimFile=https://raw.githubusercontent.com/endeavortechnologies/modulesAndSaves/main/IADC_SURFACE_DELTA_5_NONPORTED_REDCLOSED.dsav, https://broker.endpoints.service-project-us-dev-3f0c.cloud.goog?app=drilling-simulator&drillSimFile=https://raw.githubusercontent.com/endeavortechnologies/modulesAndSaves/main/IADC_SURFACE_DELTA_5_NONPORTED_REDCLOSED.dsav, undefined"
"https://broker.endpoints.service-project-us-prod-1a95.cloud.goog?app=drilling-simulator&drillSimFile=https://raw.githubusercontent.com/endeavortechnologies/modulesAndSaves/main/IADC_SURFACE_DELTA_5_REDCLOSED.dsav, https://broker.endpoints.service-project-us-dev-3f0c.cloud.goog?app=drilling-simulator&drillSimFile=https://raw.githubusercontent.com/endeavortechnologies/modulesAndSaves/main/IADC_SURFACE_DELTA_5_REDCLOSED.dsav, undefined"
"https://broker.endpoints.service-project-us-prod-1a95.cloud.goog?app=drilling-simulator&drillSimFile=https://raw.githubusercontent.com/endeavortechnologies/modulesAndSaves/main/IADC_SURFACE_DELTA_6.dsav, https://broker.endpoints.service-project-us-dev-3f0c.cloud.goog?app=drilling-simulator&drillSimFile=https://raw.githubusercontent.com/endeavortechnologies/modulesAndSaves/main/IADC_SURFACE_DELTA_6.dsav, undefined"
"https://broker.endpoints.service-project-us-prod-1a95.cloud.goog?app=drilling-simulator&drillSimFile=https://raw.githubusercontent.com/endeavortechnologies/modulesAndSaves/main/IADC_SURFACE_DELTA_6_NONPORTED.dsav, https://broker.endpoints.service-project-us-dev-3f0c.cloud.goog?app=drilling-simulator&drillSimFile=https://raw.githubusercontent.com/endeavortechnologies/modulesAndSaves/main/IADC_SURFACE_DELTA_6_NONPORTED.dsav, undefined"
"https://broker.endpoints.service-project-us-prod-1a95.cloud.goog?app=drilling-simulator&drillSimFile=https://raw.githubusercontent.com/endeavortechnologies/modulesAndSaves/main/IADC_SURFACE_DELTA_6_NONPORTED_REDCLOSED.dsav, https://broker.endpoints.service-project-us-dev-3f0c.cloud.goog?app=drilling-simulator&drillSimFile=https://raw.githubusercontent.com/endeavortechnologies/modulesAndSaves/main/IADC_SURFACE_DELTA_6_NONPORTED_REDCLOSED.dsav, undefined"
"https://broker.endpoints.service-project-us-prod-1a95.cloud.goog?app=drilling-simulator&drillSimFile=https://raw.githubusercontent.com/endeavortechnologies/modulesAndSaves/main/IADC_SURFACE_DELTA_6_REDCLOSED.dsav, https://broker.endpoints.service-project-us-dev-3f0c.cloud.goog?app=drilling-simulator&drillSimFile=https://raw.githubusercontent.com/endeavortechnologies/modulesAndSaves/main/IADC_SURFACE_DELTA_6_REDCLOSED.dsav, undefined"
"https://broker.endpoints.service-project-us-prod-1a95.cloud.goog?app=drilling-simulator&drillSimFile=https://raw.githubusercontent.com/endeavortechnologies/modulesAndSaves/main/IADC_SURFACE_DELTA_7.dsav, https://broker.endpoints.service-project-us-dev-3f0c.cloud.goog?app=drilling-simulator&drillSimFile=https://raw.githubusercontent.com/endeavortechnologies/modulesAndSaves/main/IADC_SURFACE_DELTA_7.dsav, undefined"
"https://broker.endpoints.service-project-us-prod-1a95.cloud.goog?app=drilling-simulator&drillSimFile=https://raw.githubusercontent.com/endeavortechnologies/modulesAndSaves/main/IADC_SURFACE_DELTA_7_NONPORTED.dsav, https://broker.endpoints.service-project-us-dev-3f0c.cloud.goog?app=drilling-simulator&drillSimFile=https://raw.githubusercontent.com/endeavortechnologies/modulesAndSaves/main/IADC_SURFACE_DELTA_7_NONPORTED.dsav, undefined"
"https://broker.endpoints.service-project-us-prod-1a95.cloud.goog?app=drilling-simulator&drillSimFile=https://raw.githubusercontent.com/endeavortechnologies/modulesAndSaves/main/IADC_SURFACE_DELTA_7_NONPORTED_REDCLOSED.dsav, https://broker.endpoints.service-project-us-dev-3f0c.cloud.goog?app=drilling-simulator&drillSimFile=https://raw.githubusercontent.com/endeavortechnologies/modulesAndSaves/main/IADC_SURFACE_DELTA_7_NONPORTED_REDCLOSED.dsav, undefined"
"https://broker.endpoints.service-project-us-prod-1a95.cloud.goog?app=drilling-simulator&drillSimFile=https://raw.githubusercontent.com/endeavortechnologies/modulesAndSaves/main/IADC_SURFACE_DELTA_7_REDCLOSED.dsav, https://broker.endpoints.service-project-us-dev-3f0c.cloud.goog?app=drilling-simulator&drillSimFile=https://raw.githubusercontent.com/endeavortechnologies/modulesAndSaves/main/IADC_SURFACE_DELTA_7_REDCLOSED.dsav, undefined"
"https://broker.endpoints.service-project-us-prod-1a95.cloud.goog?app=drilling-simulator&drillSimFile=https://raw.githubusercontent.com/endeavortechnologies/modulesAndSaves/main/IADC_SURFACE_DELTA_8.dsav, https://broker.endpoints.service-project-us-dev-3f0c.cloud.goog?app=drilling-simulator&drillSimFile=https://raw.githubusercontent.com/endeavortechnologies/modulesAndSaves/main/IADC_SURFACE_DELTA_8.dsav, undefined"
"https://broker.endpoints.service-project-us-prod-1a95.cloud.goog?app=drilling-simulator&drillSimFile=https://raw.githubusercontent.com/endeavortechnologies/modulesAndSaves/main/IADC_SURFACE_DELTA_8_NONPORTED.dsav, https://broker.endpoints.service-project-us-dev-3f0c.cloud.goog?app=drilling-simulator&drillSimFile=https://raw.githubusercontent.com/endeavortechnologies/modulesAndSaves/main/IADC_SURFACE_DELTA_8_NONPORTED.dsav, undefined"
"https://broker.endpoints.service-project-us-prod-1a95.cloud.goog?app=drilling-simulator&drillSimFile=https://raw.githubusercontent.com/endeavortechnologies/modulesAndSaves/main/IADC_SURFACE_DELTA_8_NONPORTED_REDCLOSED.dsav, https://broker.endpoints.service-project-us-dev-3f0c.cloud.goog?app=drilling-simulator&drillSimFile=https://raw.githubusercontent.com/endeavortechnologies/modulesAndSaves/main/IADC_SURFACE_DELTA_8_NONPORTED_REDCLOSED.dsav, undefined"
"https://broker.endpoints.service-project-us-prod-1a95.cloud.goog?app=drilling-simulator&drillSimFile=https://raw.githubusercontent.com/endeavortechnologies/modulesAndSaves/main/IADC_SURFACE_DELTA_8_REDCLOSED.dsav, https://broker.endpoints.service-project-us-dev-3f0c.cloud.goog?app=drilling-simulator&drillSimFile=https://raw.githubusercontent.com/endeavortechnologies/modulesAndSaves/main/IADC_SURFACE_DELTA_8_REDCLOSED.dsav, undefined"
"https://broker.endpoints.service-project-us-prod-1a95.cloud.goog?app=drilling-simulator&drillSimFile=https://raw.githubusercontent.com/endeavortechnologies/modulesAndSaves/main/IADC_SURFACE_DELTA_9.dsav, https://broker.endpoints.service-project-us-dev-3f0c.cloud.goog?app=drilling-simulator&drillSimFile=https://raw.githubusercontent.com/endeavortechnologies/modulesAndSaves/main/IADC_SURFACE_DELTA_9.dsav, undefined"
"https://broker.endpoints.service-project-us-prod-1a95.cloud.goog?app=drilling-simulator&drillSimFile=https://raw.githubusercontent.com/endeavortechnologies/modulesAndSaves/main/IADC_SURFACE_DELTA_9_NONPORTED.dsav, https://broker.endpoints.service-project-us-dev-3f0c.cloud.goog?app=drilling-simulator&drillSimFile=https://raw.githubusercontent.com/endeavortechnologies/modulesAndSaves/main/IADC_SURFACE_DELTA_9_NONPORTED.dsav, undefined"
"https://broker.endpoints.service-project-us-prod-1a95.cloud.goog?app=drilling-simulator&drillSimFile=https://raw.githubusercontent.com/endeavortechnologies/modulesAndSaves/main/IADC_SURFACE_DELTA_9_NONPORTED_REDCLOSED.dsav, https://broker.endpoints.service-project-us-dev-3f0c.cloud.goog?app=drilling-simulator&drillSimFile=https://raw.githubusercontent.com/endeavortechnologies/modulesAndSaves/main/IADC_SURFACE_DELTA_9_NONPORTED_REDCLOSED.dsav, undefined"
"https://broker.endpoints.service-project-us-prod-1a95.cloud.goog?app=drilling-simulator&drillSimFile=https://raw.githubusercontent.com/endeavortechnologies/modulesAndSaves/main/IADC_SURFACE_DELTA_9_REDCLOSED.dsav, https://broker.endpoints.service-project-us-dev-3f0c.cloud.goog?app=drilling-simulator&drillSimFile=https://raw.githubusercontent.com/endeavortechnologies/modulesAndSaves/main/IADC_SURFACE_DELTA_9_REDCLOSED.dsav, undefined"
"https://broker.endpoints.service-project-us-prod-1a95.cloud.goog?app=drilling-simulator&drillSimFile=https://raw.githubusercontent.com/endeavortechnologies/modulesAndSaves/main/IADC_SURFACE_ECD_BHP.dsav, https://broker.endpoints.service-project-us-dev-3f0c.cloud.goog?app=drilling-simulator&drillSimFile=https://raw.githubusercontent.com/endeavortechnologies/modulesAndSaves/main/IADC_SURFACE_ECD_BHP.dsav, undefined"
"https://broker.endpoints.service-project-us-prod-1a95.cloud.goog?app=drilling-simulator&drillSimFile=https://raw.githubusercontent.com/endeavortechnologies/modulesAndSaves/main/IADC_SURFACE_ECHO_1.dsav, https://broker.endpoints.service-project-us-dev-3f0c.cloud.goog?app=drilling-simulator&drillSimFile=https://raw.githubusercontent.com/endeavortechnologies/modulesAndSaves/main/IADC_SURFACE_ECHO_1.dsav, undefined"
"https://broker.endpoints.service-project-us-prod-1a95.cloud.goog?app=drilling-simulator&drillSimFile=https://raw.githubusercontent.com/endeavortechnologies/modulesAndSaves/main/IADC_SURFACE_ECHO_1_NONPORTED.dsav, https://broker.endpoints.service-project-us-dev-3f0c.cloud.goog?app=drilling-simulator&drillSimFile=https://raw.githubusercontent.com/endeavortechnologies/modulesAndSaves/main/IADC_SURFACE_ECHO_1_NONPORTED.dsav, undefined"
"https://broker.endpoints.service-project-us-prod-1a95.cloud.goog?app=drilling-simulator&drillSimFile=https://raw.githubusercontent.com/endeavortechnologies/modulesAndSaves/main/IADC_SURFACE_ECHO_1_NONPORTED_REDCLOSED.dsav, https://broker.endpoints.service-project-us-dev-3f0c.cloud.goog?app=drilling-simulator&drillSimFile=https://raw.githubusercontent.com/endeavortechnologies/modulesAndSaves/main/IADC_SURFACE_ECHO_1_NONPORTED_REDCLOSED.dsav, undefined"
"https://broker.endpoints.service-project-us-prod-1a95.cloud.goog?app=drilling-simulator&drillSimFile=https://raw.githubusercontent.com/endeavortechnologies/modulesAndSaves/main/IADC_SURFACE_ECHO_1_REDCLOSED.dsav, https://broker.endpoints.service-project-us-dev-3f0c.cloud.goog?app=drilling-simulator&drillSimFile=https://raw.githubusercontent.com/endeavortechnologies/modulesAndSaves/main/IADC_SURFACE_ECHO_1_REDCLOSED.dsav, undefined"
"https://broker.endpoints.service-project-us-prod-1a95.cloud.goog?app=drilling-simulator&drillSimFile=https://raw.githubusercontent.com/endeavortechnologies/modulesAndSaves/main/IADC_SURFACE_ECHO_2.dsav, https://broker.endpoints.service-project-us-dev-3f0c.cloud.goog?app=drilling-simulator&drillSimFile=https://raw.githubusercontent.com/endeavortechnologies/modulesAndSaves/main/IADC_SURFACE_ECHO_2.dsav, undefined"
"https://broker.endpoints.service-project-us-prod-1a95.cloud.goog?app=drilling-simulator&drillSimFile=https://raw.githubusercontent.com/endeavortechnologies/modulesAndSaves/main/IADC_SURFACE_ECHO_2_NONPORTED.dsav, https://broker.endpoints.service-project-us-dev-3f0c.cloud.goog?app=drilling-simulator&drillSimFile=https://raw.githubusercontent.com/endeavortechnologies/modulesAndSaves/main/IADC_SURFACE_ECHO_2_NONPORTED.dsav, undefined"
"https://broker.endpoints.service-project-us-prod-1a95.cloud.goog?app=drilling-simulator&drillSimFile=https://raw.githubusercontent.com/endeavortechnologies/modulesAndSaves/main/IADC_SURFACE_ECHO_2_NONPORTED_REDCLOSED.dsav, https://broker.endpoints.service-project-us-dev-3f0c.cloud.goog?app=drilling-simulator&drillSimFile=https://raw.githubusercontent.com/endeavortechnologies/modulesAndSaves/main/IADC_SURFACE_ECHO_2_NONPORTED_REDCLOSED.dsav, undefined"
"https://broker.endpoints.service-project-us-prod-1a95.cloud.goog?app=drilling-simulator&drillSimFile=https://raw.githubusercontent.com/endeavortechnologies/modulesAndSaves/main/IADC_SURFACE_ECHO_2_REDCLOSED.dsav, https://broker.endpoints.service-project-us-dev-3f0c.cloud.goog?app=drilling-simulator&drillSimFile=https://raw.githubusercontent.com/endeavortechnologies/modulesAndSaves/main/IADC_SURFACE_ECHO_2_REDCLOSED.dsav, undefined"
"https://broker.endpoints.service-project-us-prod-1a95.cloud.goog?app=drilling-simulator&drillSimFile=https://raw.githubusercontent.com/endeavortechnologies/modulesAndSaves/main/IADC_SURFACE_ECHO_3.dsav, https://broker.endpoints.service-project-us-dev-3f0c.cloud.goog?app=drilling-simulator&drillSimFile=https://raw.githubusercontent.com/endeavortechnologies/modulesAndSaves/main/IADC_SURFACE_ECHO_3.dsav, undefined"
"https://broker.endpoints.service-project-us-prod-1a95.cloud.goog?app=drilling-simulator&drillSimFile=https://raw.githubusercontent.com/endeavortechnologies/modulesAndSaves/main/IADC_SURFACE_ECHO_3_NONPORTED.dsav, https://broker.endpoints.service-project-us-dev-3f0c.cloud.goog?app=drilling-simulator&drillSimFile=https://raw.githubusercontent.com/endeavortechnologies/modulesAndSaves/main/IADC_SURFACE_ECHO_3_NONPORTED.dsav, undefined"
"https://broker.endpoints.service-project-us-prod-1a95.cloud.goog?app=drilling-simulator&drillSimFile=https://raw.githubusercontent.com/endeavortechnologies/modulesAndSaves/main/IADC_SURFACE_ECHO_3_NONPORTED_REDCLOSED.dsav, https://broker.endpoints.service-project-us-dev-3f0c.cloud.goog?app=drilling-simulator&drillSimFile=https://raw.githubusercontent.com/endeavortechnologies/modulesAndSaves/main/IADC_SURFACE_ECHO_3_NONPORTED_REDCLOSED.dsav, undefined"
"https://broker.endpoints.service-project-us-prod-1a95.cloud.goog?app=drilling-simulator&drillSimFile=https://raw.githubusercontent.com/endeavortechnologies/modulesAndSaves/main/IADC_SURFACE_ECHO_3_REDCLOSED.dsav, https://broker.endpoints.service-project-us-dev-3f0c.cloud.goog?app=drilling-simulator&drillSimFile=https://raw.githubusercontent.com/endeavortechnologies/modulesAndSaves/main/IADC_SURFACE_ECHO_3_REDCLOSED.dsav, undefined"
"https://broker.endpoints.service-project-us-prod-1a95.cloud.goog?app=drilling-simulator&drillSimFile=https://raw.githubusercontent.com/endeavortechnologies/modulesAndSaves/main/IADC_SURFACE_ECHO_4.dsav, https://broker.endpoints.service-project-us-dev-3f0c.cloud.goog?app=drilling-simulator&drillSimFile=https://raw.githubusercontent.com/endeavortechnologies/modulesAndSaves/main/IADC_SURFACE_ECHO_4.dsav, undefined"
"https://broker.endpoints.service-project-us-prod-1a95.cloud.goog?app=drilling-simulator&drillSimFile=https://raw.githubusercontent.com/endeavortechnologies/modulesAndSaves/main/IADC_SURFACE_ECHO_4_NONPORTED.dsav, https://broker.endpoints.service-project-us-dev-3f0c.cloud.goog?app=drilling-simulator&drillSimFile=https://raw.githubusercontent.com/endeavortechnologies/modulesAndSaves/main/IADC_SURFACE_ECHO_4_NONPORTED.dsav, undefined"
"https://broker.endpoints.service-project-us-prod-1a95.cloud.goog?app=drilling-simulator&drillSimFile=https://raw.githubusercontent.com/endeavortechnologies/modulesAndSaves/main/IADC_SURFACE_ECHO_4_NONPORTED_REDCLOSED.dsav, https://broker.endpoints.service-project-us-dev-3f0c.cloud.goog?app=drilling-simulator&drillSimFile=https://raw.githubusercontent.com/endeavortechnologies/modulesAndSaves/main/IADC_SURFACE_ECHO_4_NONPORTED_REDCLOSED.dsav, undefined"
"https://broker.endpoints.service-project-us-prod-1a95.cloud.goog?app=drilling-simulator&drillSimFile=https://raw.githubusercontent.com/endeavortechnologies/modulesAndSaves/main/IADC_SURFACE_ECHO_4_REDCLOSED.dsav, https://broker.endpoints.service-project-us-dev-3f0c.cloud.goog?app=drilling-simulator&drillSimFile=https://raw.githubusercontent.com/endeavortechnologies/modulesAndSaves/main/IADC_SURFACE_ECHO_4_REDCLOSED.dsav, undefined"
"https://broker.endpoints.service-project-us-prod-1a95.cloud.goog?app=drilling-simulator&drillSimFile=https://raw.githubusercontent.com/endeavortechnologies/modulesAndSaves/main/IADC_SURFACE_ECHO_5.dsav, https://broker.endpoints.service-project-us-dev-3f0c.cloud.goog?app=drilling-simulator&drillSimFile=https://raw.githubusercontent.com/endeavortechnologies/modulesAndSaves/main/IADC_SURFACE_ECHO_5.dsav, undefined"
"https://broker.endpoints.service-project-us-prod-1a95.cloud.goog?app=drilling-simulator&drillSimFile=https://raw.githubusercontent.com/endeavortechnologies/modulesAndSaves/main/IADC_SURFACE_ECHO_5_NONPORTED.dsav, https://broker.endpoints.service-project-us-dev-3f0c.cloud.goog?app=drilling-simulator&drillSimFile=https://raw.githubusercontent.com/endeavortechnologies/modulesAndSaves/main/IADC_SURFACE_ECHO_5_NONPORTED.dsav, undefined"
"https://broker.endpoints.service-project-us-prod-1a95.cloud.goog?app=drilling-simulator&drillSimFile=https://raw.githubusercontent.com/endeavortechnologies/modulesAndSaves/main/IADC_SURFACE_ECHO_5_NONPORTED_REDCLOSED.dsav, https://broker.endpoints.service-project-us-dev-3f0c.cloud.goog?app=drilling-simulator&drillSimFile=https://raw.githubusercontent.com/endeavortechnologies/modulesAndSaves/main/IADC_SURFACE_ECHO_5_NONPORTED_REDCLOSED.dsav, undefined"
"https://broker.endpoints.service-project-us-prod-1a95.cloud.goog?app=drilling-simulator&drillSimFile=https://raw.githubusercontent.com/endeavortechnologies/modulesAndSaves/main/IADC_SURFACE_ECHO_5_REDCLOSED.dsav, https://broker.endpoints.service-project-us-dev-3f0c.cloud.goog?app=drilling-simulator&drillSimFile=https://raw.githubusercontent.com/endeavortechnologies/modulesAndSaves/main/IADC_SURFACE_ECHO_5_REDCLOSED.dsav, undefined"
"https://broker.endpoints.service-project-us-prod-1a95.cloud.goog?app=drilling-simulator&drillSimFile=https://raw.githubusercontent.com/endeavortechnologies/modulesAndSaves/main/IADC_SURFACE_ECHO_6.dsav, https://broker.endpoints.service-project-us-dev-3f0c.cloud.goog?app=drilling-simulator&drillSimFile=https://raw.githubusercontent.com/endeavortechnologies/modulesAndSaves/main/IADC_SURFACE_ECHO_6.dsav, undefined"
"https://broker.endpoints.service-project-us-prod-1a95.cloud.goog?app=drilling-simulator&drillSimFile=https://raw.githubusercontent.com/endeavortechnologies/modulesAndSaves/main/IADC_SURFACE_ECHO_6_NONPORTED.dsav, https://broker.endpoints.service-project-us-dev-3f0c.cloud.goog?app=drilling-simulator&drillSimFile=https://raw.githubusercontent.com/endeavortechnologies/modulesAndSaves/main/IADC_SURFACE_ECHO_6_NONPORTED.dsav, undefined"
"https://broker.endpoints.service-project-us-prod-1a95.cloud.goog?app=drilling-simulator&drillSimFile=https://raw.githubusercontent.com/endeavortechnologies/modulesAndSaves/main/IADC_SURFACE_ECHO_6_NONPORTED_REDCLOSED.dsav, https://broker.endpoints.service-project-us-dev-3f0c.cloud.goog?app=drilling-simulator&drillSimFile=https://raw.githubusercontent.com/endeavortechnologies/modulesAndSaves/main/IADC_SURFACE_ECHO_6_NONPORTED_REDCLOSED.dsav, undefined"
"https://broker.endpoints.service-project-us-prod-1a95.cloud.goog?app=drilling-simulator&drillSimFile=https://raw.githubusercontent.com/endeavortechnologies/modulesAndSaves/main/IADC_SURFACE_ECHO_6_REDCLOSED.dsav, https://broker.endpoints.service-project-us-dev-3f0c.cloud.goog?app=drilling-simulator&drillSimFile=https://raw.githubusercontent.com/endeavortechnologies/modulesAndSaves/main/IADC_SURFACE_ECHO_6_REDCLOSED.dsav, undefined"
"https://broker.endpoints.service-project-us-prod-1a95.cloud.goog?app=drilling-simulator&drillSimFile=https://raw.githubusercontent.com/endeavortechnologies/modulesAndSaves/main/IADC_SURFACE_ECHO_7.dsav, https://broker.endpoints.service-project-us-dev-3f0c.cloud.goog?app=drilling-simulator&drillSimFile=https://raw.githubusercontent.com/endeavortechnologies/modulesAndSaves/main/IADC_SURFACE_ECHO_7.dsav, undefined"
"https://broker.endpoints.service-project-us-prod-1a95.cloud.goog?app=drilling-simulator&drillSimFile=https://raw.githubusercontent.com/endeavortechnologies/modulesAndSaves/main/IADC_SURFACE_ECHO_7_NONPORTED.dsav, https://broker.endpoints.service-project-us-dev-3f0c.cloud.goog?app=drilling-simulator&drillSimFile=https://raw.githubusercontent.com/endeavortechnologies/modulesAndSaves/main/IADC_SURFACE_ECHO_7_NONPORTED.dsav, undefined"
"https://broker.endpoints.service-project-us-prod-1a95.cloud.goog?app=drilling-simulator&drillSimFile=https://raw.githubusercontent.com/endeavortechnologies/modulesAndSaves/main/IADC_SURFACE_ECHO_7_NONPORTED_REDCLOSED.dsav, https://broker.endpoints.service-project-us-dev-3f0c.cloud.goog?app=drilling-simulator&drillSimFile=https://raw.githubusercontent.com/endeavortechnologies/modulesAndSaves/main/IADC_SURFACE_ECHO_7_NONPORTED_REDCLOSED.dsav, undefined"
"https://broker.endpoints.service-project-us-prod-1a95.cloud.goog?app=drilling-simulator&drillSimFile=https://raw.githubusercontent.com/endeavortechnologies/modulesAndSaves/main/IADC_SURFACE_ECHO_7_REDCLOSED.dsav, https://broker.endpoints.service-project-us-dev-3f0c.cloud.goog?app=drilling-simulator&drillSimFile=https://raw.githubusercontent.com/endeavortechnologies/modulesAndSaves/main/IADC_SURFACE_ECHO_7_REDCLOSED.dsav, undefined"
"https://broker.endpoints.service-project-us-prod-1a95.cloud.goog?app=drilling-simulator&drillSimFile=https://raw.githubusercontent.com/endeavortechnologies/modulesAndSaves/main/IADC_SURFACE_ECHO_8.dsav, https://broker.endpoints.service-project-us-dev-3f0c.cloud.goog?app=drilling-simulator&drillSimFile=https://raw.githubusercontent.com/endeavortechnologies/modulesAndSaves/main/IADC_SURFACE_ECHO_8.dsav, undefined"
"https://broker.endpoints.service-project-us-prod-1a95.cloud.goog?app=drilling-simulator&drillSimFile=https://raw.githubusercontent.com/endeavortechnologies/modulesAndSaves/main/IADC_SURFACE_ECHO_8_NONPORTED.dsav, https://broker.endpoints.service-project-us-dev-3f0c.cloud.goog?app=drilling-simulator&drillSimFile=https://raw.githubusercontent.com/endeavortechnologies/modulesAndSaves/main/IADC_SURFACE_ECHO_8_NONPORTED.dsav, undefined"
"https://broker.endpoints.service-project-us-prod-1a95.cloud.goog?app=drilling-simulator&drillSimFile=https://raw.githubusercontent.com/endeavortechnologies/modulesAndSaves/main/IADC_SURFACE_ECHO_8_NONPORTED_REDCLOSED.dsav, https://broker.endpoints.service-project-us-dev-3f0c.cloud.goog?app=drilling-simulator&drillSimFile=https://raw.githubusercontent.com/endeavortechnologies/modulesAndSaves/main/IADC_SURFACE_ECHO_8_NONPORTED_REDCLOSED.dsav, undefined"
"https://broker.endpoints.service-project-us-prod-1a95.cloud.goog?app=drilling-simulator&drillSimFile=https://raw.githubusercontent.com/endeavortechnologies/modulesAndSaves/main/IADC_SURFACE_ECHO_8_REDCLOSED.dsav, https://broker.endpoints.service-project-us-dev-3f0c.cloud.goog?app=drilling-simulator&drillSimFile=https://raw.githubusercontent.com/endeavortechnologies/modulesAndSaves/main/IADC_SURFACE_ECHO_8_REDCLOSED.dsav, undefined"
"https://broker.endpoints.service-project-us-prod-1a95.cloud.goog?app=drilling-simulator&drillSimFile=https://raw.githubusercontent.com/endeavortechnologies/modulesAndSaves/main/IADC_SURFACE_ECHO_9.DSAV, https://broker.endpoints.service-project-us-dev-3f0c.cloud.goog?app=drilling-simulator&drillSimFile=https://raw.githubusercontent.com/endeavortechnologies/modulesAndSaves/main/IADC_SURFACE_ECHO_9.DSAV, undefined"
"https://broker.endpoints.service-project-us-prod-1a95.cloud.goog?app=drilling-simulator&drillSimFile=https://raw.githubusercontent.com/endeavortechnologies/modulesAndSaves/main/IADC_SURFACE_ECHO_9_NONPORTED.DSAV, https://broker.endpoints.service-project-us-dev-3f0c.cloud.goog?app=drilling-simulator&drillSimFile=https://raw.githubusercontent.com/endeavortechnologies/modulesAndSaves/main/IADC_SURFACE_ECHO_9_NONPORTED.DSAV, undefined"
"https://broker.endpoints.service-project-us-prod-1a95.cloud.goog?app=drilling-simulator&drillSimFile=https://raw.githubusercontent.com/endeavortechnologies/modulesAndSaves/main/IADC_SURFACE_ECHO_9_NONPORTED_REDCLOSED.DSAV, https://broker.endpoints.service-project-us-dev-3f0c.cloud.goog?app=drilling-simulator&drillSimFile=https://raw.githubusercontent.com/endeavortechnologies/modulesAndSaves/main/IADC_SURFACE_ECHO_9_NONPORTED_REDCLOSED.DSAV, undefined"
"https://broker.endpoints.service-project-us-prod-1a95.cloud.goog?app=drilling-simulator&drillSimFile=https://raw.githubusercontent.com/endeavortechnologies/modulesAndSaves/main/IADC_SURFACE_ECHO_9_REDCLOSED.DSAV, https://broker.endpoints.service-project-us-dev-3f0c.cloud.goog?app=drilling-simulator&drillSimFile=https://raw.githubusercontent.com/endeavortechnologies/modulesAndSaves/main/IADC_SURFACE_ECHO_9_REDCLOSED.DSAV, undefined"
"https://broker.endpoints.service-project-us-prod-1a95.cloud.goog?app=drilling-simulator&drillSimFile=https://raw.githubusercontent.com/endeavortechnologies/modulesAndSaves/main/IADC_SURFACE_MALFUNCTIONS_B_1.dsav, https://broker.endpoints.service-project-us-dev-3f0c.cloud.goog?app=drilling-simulator&drillSimFile=https://raw.githubusercontent.com/endeavortechnologies/modulesAndSaves/main/IADC_SURFACE_MALFUNCTIONS_B_1.dsav, undefined"
"https://broker.endpoints.service-project-us-prod-1a95.cloud.goog?app=drilling-simulator&drillSimFile=https://raw.githubusercontent.com/endeavortechnologies/modulesAndSaves/main/IADC_SURFACE_MALFUNCTIONS_B_2.dsav, https://broker.endpoints.service-project-us-dev-3f0c.cloud.goog?app=drilling-simulator&drillSimFile=https://raw.githubusercontent.com/endeavortechnologies/modulesAndSaves/main/IADC_SURFACE_MALFUNCTIONS_B_2.dsav, undefined"
"https://broker.endpoints.service-project-us-prod-1a95.cloud.goog?app=drilling-simulator&drillSimFile=https://raw.githubusercontent.com/endeavortechnologies/modulesAndSaves/main/IADC_SURFACE_MALFUNCTIONS_B_3.dsav, https://broker.endpoints.service-project-us-dev-3f0c.cloud.goog?app=drilling-simulator&drillSimFile=https://raw.githubusercontent.com/endeavortechnologies/modulesAndSaves/main/IADC_SURFACE_MALFUNCTIONS_B_3.dsav, undefined"
"https://broker.endpoints.service-project-us-prod-1a95.cloud.goog?app=drilling-simulator&drillSimFile=https://raw.githubusercontent.com/endeavortechnologies/modulesAndSaves/main/IADC_SURFACE_MALFUNCTIONS_B_4.dsav, https://broker.endpoints.service-project-us-dev-3f0c.cloud.goog?app=drilling-simulator&drillSimFile=https://raw.githubusercontent.com/endeavortechnologies/modulesAndSaves/main/IADC_SURFACE_MALFUNCTIONS_B_4.dsav, undefined"
"https://broker.endpoints.service-project-us-prod-1a95.cloud.goog?app=drilling-simulator&drillSimFile=https://raw.githubusercontent.com/endeavortechnologies/modulesAndSaves/main/IADC_SURFACE_MALFUNCTIONS_B_5.dsav, https://broker.endpoints.service-project-us-dev-3f0c.cloud.goog?app=drilling-simulator&drillSimFile=https://raw.githubusercontent.com/endeavortechnologies/modulesAndSaves/main/IADC_SURFACE_MALFUNCTIONS_B_5.dsav, undefined"
"https://broker.endpoints.service-project-us-prod-1a95.cloud.goog?app=drilling-simulator&drillSimFile=https://raw.githubusercontent.com/endeavortechnologies/modulesAndSaves/main/IADC_SURFACE_MALFUNCTIONS_C_1.dsav, https://broker.endpoints.service-project-us-dev-3f0c.cloud.goog?app=drilling-simulator&drillSimFile=https://raw.githubusercontent.com/endeavortechnologies/modulesAndSaves/main/IADC_SURFACE_MALFUNCTIONS_C_1.dsav, undefined"
"https://broker.endpoints.service-project-us-prod-1a95.cloud.goog?app=drilling-simulator&drillSimFile=https://raw.githubusercontent.com/endeavortechnologies/modulesAndSaves/main/IADC_SURFACE_MALFUNCTIONS_C_2.dsav, https://broker.endpoints.service-project-us-dev-3f0c.cloud.goog?app=drilling-simulator&drillSimFile=https://raw.githubusercontent.com/endeavortechnologies/modulesAndSaves/main/IADC_SURFACE_MALFUNCTIONS_C_2.dsav, undefined"
"https://broker.endpoints.service-project-us-prod-1a95.cloud.goog?app=drilling-simulator&drillSimFile=https://raw.githubusercontent.com/endeavortechnologies/modulesAndSaves/main/IADC_SURFACE_MALFUNCTIONS_C_3.dsav, https://broker.endpoints.service-project-us-dev-3f0c.cloud.goog?app=drilling-simulator&drillSimFile=https://raw.githubusercontent.com/endeavortechnologies/modulesAndSaves/main/IADC_SURFACE_MALFUNCTIONS_C_3.dsav, undefined"
"https://broker.endpoints.service-project-us-prod-1a95.cloud.goog?app=drilling-simulator&drillSimFile=https://raw.githubusercontent.com/endeavortechnologies/modulesAndSaves/main/IADC_SURFACE_MALFUNCTIONS_C_4.dsav, https://broker.endpoints.service-project-us-dev-3f0c.cloud.goog?app=drilling-simulator&drillSimFile=https://raw.githubusercontent.com/endeavortechnologies/modulesAndSaves/main/IADC_SURFACE_MALFUNCTIONS_C_4.dsav, undefined"
"https://broker.endpoints.service-project-us-prod-1a95.cloud.goog?app=drilling-simulator&drillSimFile=https://raw.githubusercontent.com/endeavortechnologies/modulesAndSaves/main/IADC_SURFACE_MALFUNCTIONS_C_5.dsav, https://broker.endpoints.service-project-us-dev-3f0c.cloud.goog?app=drilling-simulator&drillSimFile=https://raw.githubusercontent.com/endeavortechnologies/modulesAndSaves/main/IADC_SURFACE_MALFUNCTIONS_C_5.dsav, undefined"
"https://broker.endpoints.service-project-us-prod-1a95.cloud.goog?app=drilling-simulator&drillSimFile=https://raw.githubusercontent.com/endeavortechnologies/modulesAndSaves/main/IADC_SURFACE_MALFUNCTIONS_DELTA_1.dsav, https://broker.endpoints.service-project-us-dev-3f0c.cloud.goog?app=drilling-simulator&drillSimFile=https://raw.githubusercontent.com/endeavortechnologies/modulesAndSaves/main/IADC_SURFACE_MALFUNCTIONS_DELTA_1.dsav, undefined"
"https://broker.endpoints.service-project-us-prod-1a95.cloud.goog?app=drilling-simulator&drillSimFile=https://raw.githubusercontent.com/endeavortechnologies/modulesAndSaves/main/IADC_SURFACE_MALFUNCTIONS_DELTA_2.dsav, https://broker.endpoints.service-project-us-dev-3f0c.cloud.goog?app=drilling-simulator&drillSimFile=https://raw.githubusercontent.com/endeavortechnologies/modulesAndSaves/main/IADC_SURFACE_MALFUNCTIONS_DELTA_2.dsav, undefined"
"https://broker.endpoints.service-project-us-prod-1a95.cloud.goog?app=drilling-simulator&drillSimFile=https://raw.githubusercontent.com/endeavortechnologies/modulesAndSaves/main/IADC_SURFACE_MALFUNCTIONS_DELTA_3.dsav, https://broker.endpoints.service-project-us-dev-3f0c.cloud.goog?app=drilling-simulator&drillSimFile=https://raw.githubusercontent.com/endeavortechnologies/modulesAndSaves/main/IADC_SURFACE_MALFUNCTIONS_DELTA_3.dsav, undefined"
"https://broker.endpoints.service-project-us-prod-1a95.cloud.goog?app=drilling-simulator&drillSimFile=https://raw.githubusercontent.com/endeavortechnologies/modulesAndSaves/main/IADC_SURFACE_MALFUNCTIONS_DELTA_4.dsav, https://broker.endpoints.service-project-us-dev-3f0c.cloud.goog?app=drilling-simulator&drillSimFile=https://raw.githubusercontent.com/endeavortechnologies/modulesAndSaves/main/IADC_SURFACE_MALFUNCTIONS_DELTA_4.dsav, undefined"
"https://broker.endpoints.service-project-us-prod-1a95.cloud.goog?app=drilling-simulator&drillSimFile=https://raw.githubusercontent.com/endeavortechnologies/modulesAndSaves/main/IADC_SURFACE_MALFUNCTIONS_DELTA_5.dsav, https://broker.endpoints.service-project-us-dev-3f0c.cloud.goog?app=drilling-simulator&drillSimFile=https://raw.githubusercontent.com/endeavortechnologies/modulesAndSaves/main/IADC_SURFACE_MALFUNCTIONS_DELTA_5.dsav, undefined"
"https://broker.endpoints.service-project-us-prod-1a95.cloud.goog?app=drilling-simulator&drillSimFile=https://raw.githubusercontent.com/endeavortechnologies/modulesAndSaves/main/IWCF_SUBSEA_A_BITPLUGGED.dsav, https://broker.endpoints.service-project-us-dev-3f0c.cloud.goog?app=drilling-simulator&drillSimFile=https://raw.githubusercontent.com/endeavortechnologies/modulesAndSaves/main/IWCF_SUBSEA_A_BITPLUGGED.dsav, undefined"
"https://broker.endpoints.service-project-us-prod-1a95.cloud.goog?app=drilling-simulator&drillSimFile=https://raw.githubusercontent.com/endeavortechnologies/modulesAndSaves/main/IWCF_SUBSEA_A_BITPLUGGED_19.dsav, https://broker.endpoints.service-project-us-dev-3f0c.cloud.goog?app=drilling-simulator&drillSimFile=https://raw.githubusercontent.com/endeavortechnologies/modulesAndSaves/main/IWCF_SUBSEA_A_BITPLUGGED_19.dsav, undefined"
"https://broker.endpoints.service-project-us-prod-1a95.cloud.goog?app=drilling-simulator&drillSimFile=https://raw.githubusercontent.com/endeavortechnologies/modulesAndSaves/main/IWCF_SUBSEA_A_CHOKEPLUGGED.dsav, https://broker.endpoints.service-project-us-dev-3f0c.cloud.goog?app=drilling-simulator&drillSimFile=https://raw.githubusercontent.com/endeavortechnologies/modulesAndSaves/main/IWCF_SUBSEA_A_CHOKEPLUGGED.dsav, undefined"
"https://broker.endpoints.service-project-us-prod-1a95.cloud.goog?app=drilling-simulator&drillSimFile=https://raw.githubusercontent.com/endeavortechnologies/modulesAndSaves/main/IWCF_SUBSEA_A_CHOKEPLUGGED_19.dsav, https://broker.endpoints.service-project-us-dev-3f0c.cloud.goog?app=drilling-simulator&drillSimFile=https://raw.githubusercontent.com/endeavortechnologies/modulesAndSaves/main/IWCF_SUBSEA_A_CHOKEPLUGGED_19.dsav, undefined"
"https://broker.endpoints.service-project-us-prod-1a95.cloud.goog?app=drilling-simulator&drillSimFile=https://raw.githubusercontent.com/endeavortechnologies/modulesAndSaves/main/IWCF_SUBSEA_A_CHOKEWASHOUT.dsav, https://broker.endpoints.service-project-us-dev-3f0c.cloud.goog?app=drilling-simulator&drillSimFile=https://raw.githubusercontent.com/endeavortechnologies/modulesAndSaves/main/IWCF_SUBSEA_A_CHOKEWASHOUT.dsav, undefined"
"https://broker.endpoints.service-project-us-prod-1a95.cloud.goog?app=drilling-simulator&drillSimFile=https://raw.githubusercontent.com/endeavortechnologies/modulesAndSaves/main/IWCF_SUBSEA_A_CHOKEWASHOUT_19.dsav, https://broker.endpoints.service-project-us-dev-3f0c.cloud.goog?app=drilling-simulator&drillSimFile=https://raw.githubusercontent.com/endeavortechnologies/modulesAndSaves/main/IWCF_SUBSEA_A_CHOKEWASHOUT_19.dsav, undefined"
"https://broker.endpoints.service-project-us-prod-1a95.cloud.goog?app=drilling-simulator&drillSimFile=https://raw.githubusercontent.com/endeavortechnologies/modulesAndSaves/main/IWCF_SUBSEA_A_GASNEARCHOKE_21.dsav, https://broker.endpoints.service-project-us-dev-3f0c.cloud.goog?app=drilling-simulator&drillSimFile=https://raw.githubusercontent.com/endeavortechnologies/modulesAndSaves/main/IWCF_SUBSEA_A_GASNEARCHOKE_21.dsav, undefined"
"https://broker.endpoints.service-project-us-prod-1a95.cloud.goog?app=drilling-simulator&drillSimFile=https://raw.githubusercontent.com/endeavortechnologies/modulesAndSaves/main/IWCF_SUBSEA_A_PUMPONE.dsav, https://broker.endpoints.service-project-us-dev-3f0c.cloud.goog?app=drilling-simulator&drillSimFile=https://raw.githubusercontent.com/endeavortechnologies/modulesAndSaves/main/IWCF_SUBSEA_A_PUMPONE.dsav, undefined"
"https://broker.endpoints.service-project-us-prod-1a95.cloud.goog?app=drilling-simulator&drillSimFile=https://raw.githubusercontent.com/endeavortechnologies/modulesAndSaves/main/IWCF_SUBSEA_A_PUMPONE_19.dsav, https://broker.endpoints.service-project-us-dev-3f0c.cloud.goog?app=drilling-simulator&drillSimFile=https://raw.githubusercontent.com/endeavortechnologies/modulesAndSaves/main/IWCF_SUBSEA_A_PUMPONE_19.dsav, undefined"
"https://broker.endpoints.service-project-us-prod-1a95.cloud.goog?app=drilling-simulator&drillSimFile=https://raw.githubusercontent.com/endeavortechnologies/modulesAndSaves/main/IWCF_SUBSEA_A_RANDOM.dsav, https://broker.endpoints.service-project-us-dev-3f0c.cloud.goog?app=drilling-simulator&drillSimFile=https://raw.githubusercontent.com/endeavortechnologies/modulesAndSaves/main/IWCF_SUBSEA_A_RANDOM.dsav, undefined"
"https://broker.endpoints.service-project-us-prod-1a95.cloud.goog?app=drilling-simulator&drillSimFile=https://raw.githubusercontent.com/endeavortechnologies/modulesAndSaves/main/IWCF_SUBSEA_A_RANDOM_19.dsav, https://broker.endpoints.service-project-us-dev-3f0c.cloud.goog?app=drilling-simulator&drillSimFile=https://raw.githubusercontent.com/endeavortechnologies/modulesAndSaves/main/IWCF_SUBSEA_A_RANDOM_19.dsav, undefined"
"https://broker.endpoints.service-project-us-prod-1a95.cloud.goog?app=drilling-simulator&drillSimFile=https://raw.githubusercontent.com/endeavortechnologies/modulesAndSaves/main/IWCF_SUBSEA_B_1.dsav, https://broker.endpoints.service-project-us-dev-3f0c.cloud.goog?app=drilling-simulator&drillSimFile=https://raw.githubusercontent.com/endeavortechnologies/modulesAndSaves/main/IWCF_SUBSEA_B_1.dsav, undefined"
"https://broker.endpoints.service-project-us-prod-1a95.cloud.goog?app=drilling-simulator&drillSimFile=https://raw.githubusercontent.com/endeavortechnologies/modulesAndSaves/main/IWCF_SUBSEA_B_2.dsav, https://broker.endpoints.service-project-us-dev-3f0c.cloud.goog?app=drilling-simulator&drillSimFile=https://raw.githubusercontent.com/endeavortechnologies/modulesAndSaves/main/IWCF_SUBSEA_B_2.dsav, undefined"
"https://broker.endpoints.service-project-us-prod-1a95.cloud.goog?app=drilling-simulator&drillSimFile=https://raw.githubusercontent.com/endeavortechnologies/modulesAndSaves/main/IWCF_SUBSEA_C_1.dsav, https://broker.endpoints.service-project-us-dev-3f0c.cloud.goog?app=drilling-simulator&drillSimFile=https://raw.githubusercontent.com/endeavortechnologies/modulesAndSaves/main/IWCF_SUBSEA_C_1.dsav, undefined"
"https://broker.endpoints.service-project-us-prod-1a95.cloud.goog?app=drilling-simulator&drillSimFile=https://raw.githubusercontent.com/endeavortechnologies/modulesAndSaves/main/IWCF_SUBSEA_C_2.dsav, https://broker.endpoints.service-project-us-dev-3f0c.cloud.goog?app=drilling-simulator&drillSimFile=https://raw.githubusercontent.com/endeavortechnologies/modulesAndSaves/main/IWCF_SUBSEA_C_2.dsav, undefined"
"https://broker.endpoints.service-project-us-prod-1a95.cloud.goog?app=drilling-simulator&drillSimFile=https://raw.githubusercontent.com/endeavortechnologies/modulesAndSaves/main/IWCF_SUBSEA_D_1.dsav, https://broker.endpoints.service-project-us-dev-3f0c.cloud.goog?app=drilling-simulator&drillSimFile=https://raw.githubusercontent.com/endeavortechnologies/modulesAndSaves/main/IWCF_SUBSEA_D_1.dsav, undefined"
"https://broker.endpoints.service-project-us-prod-1a95.cloud.goog?app=drilling-simulator&drillSimFile=https://raw.githubusercontent.com/endeavortechnologies/modulesAndSaves/main/IWCF_SUBSEA_D_2.dsav, https://broker.endpoints.service-project-us-dev-3f0c.cloud.goog?app=drilling-simulator&drillSimFile=https://raw.githubusercontent.com/endeavortechnologies/modulesAndSaves/main/IWCF_SUBSEA_D_2.dsav, undefined"
"https://broker.endpoints.service-project-us-prod-1a95.cloud.goog?app=drilling-simulator&drillSimFile=https://raw.githubusercontent.com/endeavortechnologies/modulesAndSaves/main/IWCF_SURFACE_B_1.dsav, https://broker.endpoints.service-project-us-dev-3f0c.cloud.goog?app=drilling-simulator&drillSimFile=https://raw.githubusercontent.com/endeavortechnologies/modulesAndSaves/main/IWCF_SURFACE_B_1.dsav, undefined"
"https://broker.endpoints.service-project-us-prod-1a95.cloud.goog?app=drilling-simulator&drillSimFile=https://raw.githubusercontent.com/endeavortechnologies/modulesAndSaves/main/IWCF_SURFACE_B_2.dsav, https://broker.endpoints.service-project-us-dev-3f0c.cloud.goog?app=drilling-simulator&drillSimFile=https://raw.githubusercontent.com/endeavortechnologies/modulesAndSaves/main/IWCF_SURFACE_B_2.dsav, undefined"
"https://broker.endpoints.service-project-us-prod-1a95.cloud.goog?app=drilling-simulator&drillSimFile=https://raw.githubusercontent.com/endeavortechnologies/modulesAndSaves/main/IWCF_SURFACE_C_1.dsav, https://broker.endpoints.service-project-us-dev-3f0c.cloud.goog?app=drilling-simulator&drillSimFile=https://raw.githubusercontent.com/endeavortechnologies/modulesAndSaves/main/IWCF_SURFACE_C_1.dsav, undefined"
"https://broker.endpoints.service-project-us-prod-1a95.cloud.goog?app=drilling-simulator&drillSimFile=https://raw.githubusercontent.com/endeavortechnologies/modulesAndSaves/main/IWCF_SURFACE_C_2.dsav, https://broker.endpoints.service-project-us-dev-3f0c.cloud.goog?app=drilling-simulator&drillSimFile=https://raw.githubusercontent.com/endeavortechnologies/modulesAndSaves/main/IWCF_SURFACE_C_2.dsav, undefined"
"https://broker.endpoints.service-project-us-prod-1a95.cloud.goog?app=drilling-simulator&drillSimFile=https://raw.githubusercontent.com/endeavortechnologies/modulesAndSaves/main/IWCF_SURFACE_D_1.dsav, https://broker.endpoints.service-project-us-dev-3f0c.cloud.goog?app=drilling-simulator&drillSimFile=https://raw.githubusercontent.com/endeavortechnologies/modulesAndSaves/main/IWCF_SURFACE_D_1.dsav, undefined"
"https://broker.endpoints.service-project-us-prod-1a95.cloud.goog?app=drilling-simulator&drillSimFile=https://raw.githubusercontent.com/endeavortechnologies/modulesAndSaves/main/IWCF_SURFACE_D_2.dsav, https://broker.endpoints.service-project-us-dev-3f0c.cloud.goog?app=drilling-simulator&drillSimFile=https://raw.githubusercontent.com/endeavortechnologies/modulesAndSaves/main/IWCF_SURFACE_D_2.dsav, undefined"
"https://broker.endpoints.service-project-us-prod-1a95.cloud.goog?app=drilling-simulator&drillSimFile=https://raw.githubusercontent.com/endeavortechnologies/modulesAndSaves/main/killsheet test.dsav, https://broker.endpoints.service-project-us-dev-3f0c.cloud.goog?app=drilling-simulator&drillSimFile=https://raw.githubusercontent.com/endeavortechnologies/modulesAndSaves/main/killsheet test.dsav, undefined"
"https://broker.endpoints.service-project-us-prod-1a95.cloud.goog?app=drilling-simulator&drillSimFile=https://raw.githubusercontent.com/endeavortechnologies/modulesAndSaves/main/MAERSK_1_1.dsav, https://broker.endpoints.service-project-us-dev-3f0c.cloud.goog?app=drilling-simulator&drillSimFile=https://raw.githubusercontent.com/endeavortechnologies/modulesAndSaves/main/MAERSK_1_1.dsav, undefined"
"https://broker.endpoints.service-project-us-prod-1a95.cloud.goog?app=drilling-simulator&drillSimFile=https://raw.githubusercontent.com/endeavortechnologies/modulesAndSaves/main/MAERSK_2_1.dsav, https://broker.endpoints.service-project-us-dev-3f0c.cloud.goog?app=drilling-simulator&drillSimFile=https://raw.githubusercontent.com/endeavortechnologies/modulesAndSaves/main/MAERSK_2_1.dsav, undefined"
"https://broker.endpoints.service-project-us-prod-1a95.cloud.goog?app=drilling-simulator&drillSimFile=https://raw.githubusercontent.com/endeavortechnologies/modulesAndSaves/main/MAERSK_2_2.dsav, https://broker.endpoints.service-project-us-dev-3f0c.cloud.goog?app=drilling-simulator&drillSimFile=https://raw.githubusercontent.com/endeavortechnologies/modulesAndSaves/main/MAERSK_2_2.dsav, undefined"
"https://broker.endpoints.service-project-us-prod-1a95.cloud.goog?app=drilling-simulator&drillSimFile=https://raw.githubusercontent.com/endeavortechnologies/modulesAndSaves/main/MAERSK_2_3.dsav, https://broker.endpoints.service-project-us-dev-3f0c.cloud.goog?app=drilling-simulator&drillSimFile=https://raw.githubusercontent.com/endeavortechnologies/modulesAndSaves/main/MAERSK_2_3.dsav, undefined"
"https://broker.endpoints.service-project-us-prod-1a95.cloud.goog?app=drilling-simulator&drillSimFile=https://raw.githubusercontent.com/endeavortechnologies/modulesAndSaves/main/MAERSK_3_1.dsav, https://broker.endpoints.service-project-us-dev-3f0c.cloud.goog?app=drilling-simulator&drillSimFile=https://raw.githubusercontent.com/endeavortechnologies/modulesAndSaves/main/MAERSK_3_1.dsav, undefined"
"https://broker.endpoints.service-project-us-prod-1a95.cloud.goog?app=drilling-simulator&drillSimFile=https://raw.githubusercontent.com/endeavortechnologies/modulesAndSaves/main/MAERSK_3_1_SAVANNAH_FAULT_14945_FT.dsav, https://broker.endpoints.service-project-us-dev-3f0c.cloud.goog?app=drilling-simulator&drillSimFile=https://raw.githubusercontent.com/endeavortechnologies/modulesAndSaves/main/MAERSK_3_1_SAVANNAH_FAULT_14945_FT.dsav, undefined"
"https://broker.endpoints.service-project-us-prod-1a95.cloud.goog?app=drilling-simulator&drillSimFile=https://raw.githubusercontent.com/endeavortechnologies/modulesAndSaves/main/MAERSK_3_2.dsav, https://broker.endpoints.service-project-us-dev-3f0c.cloud.goog?app=drilling-simulator&drillSimFile=https://raw.githubusercontent.com/endeavortechnologies/modulesAndSaves/main/MAERSK_3_2.dsav, undefined"
"https://broker.endpoints.service-project-us-prod-1a95.cloud.goog?app=drilling-simulator&drillSimFile=https://raw.githubusercontent.com/endeavortechnologies/modulesAndSaves/main/MAERSK_3_2_0_PUMPING.dsav, https://broker.endpoints.service-project-us-dev-3f0c.cloud.goog?app=drilling-simulator&drillSimFile=https://raw.githubusercontent.com/endeavortechnologies/modulesAndSaves/main/MAERSK_3_2_0_PUMPING.dsav, undefined"
"https://broker.endpoints.service-project-us-prod-1a95.cloud.goog?app=drilling-simulator&drillSimFile=https://raw.githubusercontent.com/endeavortechnologies/modulesAndSaves/main/MAERSK_3_2_1_STUCK_UP_DOWN_PIPE_WINDUP_BIT_PLUG.dsav, https://broker.endpoints.service-project-us-dev-3f0c.cloud.goog?app=drilling-simulator&drillSimFile=https://raw.githubusercontent.com/endeavortechnologies/modulesAndSaves/main/MAERSK_3_2_1_STUCK_UP_DOWN_PIPE_WINDUP_BIT_PLUG.dsav, undefined"
"https://broker.endpoints.service-project-us-prod-1a95.cloud.goog?app=drilling-simulator&drillSimFile=https://raw.githubusercontent.com/endeavortechnologies/modulesAndSaves/main/MAERSK_5INCH_BULLHEADING__EQUINOR0.dsts, https://broker.endpoints.service-project-us-dev-3f0c.cloud.goog?app=drilling-simulator&drillSimFile=https://raw.githubusercontent.com/endeavortechnologies/modulesAndSaves/main/MAERSK_5INCH_BULLHEADING__EQUINOR0.dsts, undefined"
"https://broker.endpoints.service-project-us-prod-1a95.cloud.goog?app=drilling-simulator&drillSimFile=https://raw.githubusercontent.com/endeavortechnologies/modulesAndSaves/main/MAERSK_5INCH_CAMBRIOL_V20.dsts, https://broker.endpoints.service-project-us-dev-3f0c.cloud.goog?app=drilling-simulator&drillSimFile=https://raw.githubusercontent.com/endeavortechnologies/modulesAndSaves/main/MAERSK_5INCH_CAMBRIOL_V20.dsts, undefined"
"https://broker.endpoints.service-project-us-prod-1a95.cloud.goog?app=drilling-simulator&drillSimFile=https://raw.githubusercontent.com/endeavortechnologies/modulesAndSaves/main/MAERSK_BULLHEADING_EQUINOR0.dsts, https://broker.endpoints.service-project-us-dev-3f0c.cloud.goog?app=drilling-simulator&drillSimFile=https://raw.githubusercontent.com/endeavortechnologies/modulesAndSaves/main/MAERSK_BULLHEADING_EQUINOR0.dsts, undefined"
"https://broker.endpoints.service-project-us-prod-1a95.cloud.goog?app=drilling-simulator&drillSimFile=https://raw.githubusercontent.com/endeavortechnologies/modulesAndSaves/main/MAERSK_CAMBRIOL_V20.dsts, https://broker.endpoints.service-project-us-dev-3f0c.cloud.goog?app=drilling-simulator&drillSimFile=https://raw.githubusercontent.com/endeavortechnologies/modulesAndSaves/main/MAERSK_CAMBRIOL_V20.dsts, undefined"
"https://broker.endpoints.service-project-us-prod-1a95.cloud.goog?app=drilling-simulator&drillSimFile=https://raw.githubusercontent.com/endeavortechnologies/modulesAndSaves/main/MAERSK_EGYPT_A.dsav, https://broker.endpoints.service-project-us-dev-3f0c.cloud.goog?app=drilling-simulator&drillSimFile=https://raw.githubusercontent.com/endeavortechnologies/modulesAndSaves/main/MAERSK_EGYPT_A.dsav, undefined"
"https://broker.endpoints.service-project-us-prod-1a95.cloud.goog?app=drilling-simulator&drillSimFile=https://raw.githubusercontent.com/endeavortechnologies/modulesAndSaves/main/MAERSK_EGYPT_C.dsav, https://broker.endpoints.service-project-us-dev-3f0c.cloud.goog?app=drilling-simulator&drillSimFile=https://raw.githubusercontent.com/endeavortechnologies/modulesAndSaves/main/MAERSK_EGYPT_C.dsav, undefined"
"https://broker.endpoints.service-project-us-prod-1a95.cloud.goog?app=drilling-simulator&drillSimFile=https://raw.githubusercontent.com/endeavortechnologies/modulesAndSaves/main/MAERSK_EGYPT_E.dsav, https://broker.endpoints.service-project-us-dev-3f0c.cloud.goog?app=drilling-simulator&drillSimFile=https://raw.githubusercontent.com/endeavortechnologies/modulesAndSaves/main/MAERSK_EGYPT_E.dsav, undefined"
"https://broker.endpoints.service-project-us-prod-1a95.cloud.goog?app=drilling-simulator&drillSimFile=https://raw.githubusercontent.com/endeavortechnologies/modulesAndSaves/main/MAERSK_SNAP_2_1_-_14045_FT_MID_STD.dsav, https://broker.endpoints.service-project-us-dev-3f0c.cloud.goog?app=drilling-simulator&drillSimFile=https://raw.githubusercontent.com/endeavortechnologies/modulesAndSaves/main/MAERSK_SNAP_2_1_-_14045_FT_MID_STD.dsav, undefined"
"https://broker.endpoints.service-project-us-prod-1a95.cloud.goog?app=drilling-simulator&drillSimFile=https://raw.githubusercontent.com/endeavortechnologies/modulesAndSaves/main/MAERSK_SNAP_2_1_-_14073_FT.dsav, https://broker.endpoints.service-project-us-dev-3f0c.cloud.goog?app=drilling-simulator&drillSimFile=https://raw.githubusercontent.com/endeavortechnologies/modulesAndSaves/main/MAERSK_SNAP_2_1_-_14073_FT.dsav, undefined"
"https://broker.endpoints.service-project-us-prod-1a95.cloud.goog?app=drilling-simulator&drillSimFile=https://raw.githubusercontent.com/endeavortechnologies/modulesAndSaves/main/MAERSK_SNAP_2_1_-_14090_FT_-_60_SEC.dsav, https://broker.endpoints.service-project-us-dev-3f0c.cloud.goog?app=drilling-simulator&drillSimFile=https://raw.githubusercontent.com/endeavortechnologies/modulesAndSaves/main/MAERSK_SNAP_2_1_-_14090_FT_-_60_SEC.dsav, undefined"
"https://broker.endpoints.service-project-us-prod-1a95.cloud.goog?app=drilling-simulator&drillSimFile=https://raw.githubusercontent.com/endeavortechnologies/modulesAndSaves/main/MAERSK_SNAP_2_1_-_14090_FT_-_90_SEC.dsav, https://broker.endpoints.service-project-us-dev-3f0c.cloud.goog?app=drilling-simulator&drillSimFile=https://raw.githubusercontent.com/endeavortechnologies/modulesAndSaves/main/MAERSK_SNAP_2_1_-_14090_FT_-_90_SEC.dsav, undefined"
"https://broker.endpoints.service-project-us-prod-1a95.cloud.goog?app=drilling-simulator&drillSimFile=https://raw.githubusercontent.com/endeavortechnologies/modulesAndSaves/main/Maersk_Trinidad_1_1.dsav, https://broker.endpoints.service-project-us-dev-3f0c.cloud.goog?app=drilling-simulator&drillSimFile=https://raw.githubusercontent.com/endeavortechnologies/modulesAndSaves/main/Maersk_Trinidad_1_1.dsav, undefined"
"https://broker.endpoints.service-project-us-prod-1a95.cloud.goog?app=drilling-simulator&drillSimFile=https://raw.githubusercontent.com/endeavortechnologies/modulesAndSaves/main/MAERSK_TRINIDAD_2_1.dsav, https://broker.endpoints.service-project-us-dev-3f0c.cloud.goog?app=drilling-simulator&drillSimFile=https://raw.githubusercontent.com/endeavortechnologies/modulesAndSaves/main/MAERSK_TRINIDAD_2_1.dsav, undefined"
"https://broker.endpoints.service-project-us-prod-1a95.cloud.goog?app=drilling-simulator&drillSimFile=https://raw.githubusercontent.com/endeavortechnologies/modulesAndSaves/main/MAERSK_TRINIDAD_2_2.dsav, https://broker.endpoints.service-project-us-dev-3f0c.cloud.goog?app=drilling-simulator&drillSimFile=https://raw.githubusercontent.com/endeavortechnologies/modulesAndSaves/main/MAERSK_TRINIDAD_2_2.dsav, undefined"
"https://broker.endpoints.service-project-us-prod-1a95.cloud.goog?app=drilling-simulator&drillSimFile=https://raw.githubusercontent.com/endeavortechnologies/modulesAndSaves/main/MAERSK_TRINIDAD_2_3.dsav, https://broker.endpoints.service-project-us-dev-3f0c.cloud.goog?app=drilling-simulator&drillSimFile=https://raw.githubusercontent.com/endeavortechnologies/modulesAndSaves/main/MAERSK_TRINIDAD_2_3.dsav, undefined"
"https://broker.endpoints.service-project-us-prod-1a95.cloud.goog?app=drilling-simulator&drillSimFile=https://raw.githubusercontent.com/endeavortechnologies/modulesAndSaves/main/MAERSK_TRINIDAD_3_1.dsav, https://broker.endpoints.service-project-us-dev-3f0c.cloud.goog?app=drilling-simulator&drillSimFile=https://raw.githubusercontent.com/endeavortechnologies/modulesAndSaves/main/MAERSK_TRINIDAD_3_1.dsav, undefined"
"https://broker.endpoints.service-project-us-prod-1a95.cloud.goog?app=drilling-simulator&drillSimFile=https://raw.githubusercontent.com/endeavortechnologies/modulesAndSaves/main/MAERSK_TRINIDAD_3_2.dsav, https://broker.endpoints.service-project-us-dev-3f0c.cloud.goog?app=drilling-simulator&drillSimFile=https://raw.githubusercontent.com/endeavortechnologies/modulesAndSaves/main/MAERSK_TRINIDAD_3_2.dsav, undefined"
"https://broker.endpoints.service-project-us-prod-1a95.cloud.goog?app=drilling-simulator&drillSimFile=https://raw.githubusercontent.com/endeavortechnologies/modulesAndSaves/main/OGOR_A_BULLHEADING.dsav, https://broker.endpoints.service-project-us-dev-3f0c.cloud.goog?app=drilling-simulator&drillSimFile=https://raw.githubusercontent.com/endeavortechnologies/modulesAndSaves/main/OGOR_A_BULLHEADING.dsav, undefined"
"https://broker.endpoints.service-project-us-prod-1a95.cloud.goog?app=drilling-simulator&drillSimFile=https://raw.githubusercontent.com/endeavortechnologies/modulesAndSaves/main/OGOR_A_LUBEANDBLEED.dsav, https://broker.endpoints.service-project-us-dev-3f0c.cloud.goog?app=drilling-simulator&drillSimFile=https://raw.githubusercontent.com/endeavortechnologies/modulesAndSaves/main/OGOR_A_LUBEANDBLEED.dsav, undefined"
"https://broker.endpoints.service-project-us-prod-1a95.cloud.goog?app=drilling-simulator&drillSimFile=https://raw.githubusercontent.com/endeavortechnologies/modulesAndSaves/main/OGOR_A_REVERSECIRCULATION_1.dsav, https://broker.endpoints.service-project-us-dev-3f0c.cloud.goog?app=drilling-simulator&drillSimFile=https://raw.githubusercontent.com/endeavortechnologies/modulesAndSaves/main/OGOR_A_REVERSECIRCULATION_1.dsav, undefined"
"https://broker.endpoints.service-project-us-prod-1a95.cloud.goog?app=drilling-simulator&drillSimFile=https://raw.githubusercontent.com/endeavortechnologies/modulesAndSaves/main/OGOR_A_REVERSECIRCULATION_2.dsav, https://broker.endpoints.service-project-us-dev-3f0c.cloud.goog?app=drilling-simulator&drillSimFile=https://raw.githubusercontent.com/endeavortechnologies/modulesAndSaves/main/OGOR_A_REVERSECIRCULATION_2.dsav, undefined"
"https://broker.endpoints.service-project-us-prod-1a95.cloud.goog?app=drilling-simulator&drillSimFile=https://raw.githubusercontent.com/endeavortechnologies/modulesAndSaves/main/OGOR_A_SANDPLUG_1.dsav, https://broker.endpoints.service-project-us-dev-3f0c.cloud.goog?app=drilling-simulator&drillSimFile=https://raw.githubusercontent.com/endeavortechnologies/modulesAndSaves/main/OGOR_A_SANDPLUG_1.dsav, undefined"
"https://broker.endpoints.service-project-us-prod-1a95.cloud.goog?app=drilling-simulator&drillSimFile=https://raw.githubusercontent.com/endeavortechnologies/modulesAndSaves/main/OGOR_A_SANDPLUG_2.dsav, https://broker.endpoints.service-project-us-dev-3f0c.cloud.goog?app=drilling-simulator&drillSimFile=https://raw.githubusercontent.com/endeavortechnologies/modulesAndSaves/main/OGOR_A_SANDPLUG_2.dsav, undefined"
"https://broker.endpoints.service-project-us-prod-1a95.cloud.goog?app=drilling-simulator&drillSimFile=https://raw.githubusercontent.com/endeavortechnologies/modulesAndSaves/main/OGOR_A_V2_BULLHEADING.dsav, https://broker.endpoints.service-project-us-dev-3f0c.cloud.goog?app=drilling-simulator&drillSimFile=https://raw.githubusercontent.com/endeavortechnologies/modulesAndSaves/main/OGOR_A_V2_BULLHEADING.dsav, undefined"
"https://broker.endpoints.service-project-us-prod-1a95.cloud.goog?app=drilling-simulator&drillSimFile=https://raw.githubusercontent.com/endeavortechnologies/modulesAndSaves/main/OGOR_A_V2_BULLHEADING_SMALL_TUBING.dsav, https://broker.endpoints.service-project-us-dev-3f0c.cloud.goog?app=drilling-simulator&drillSimFile=https://raw.githubusercontent.com/endeavortechnologies/modulesAndSaves/main/OGOR_A_V2_BULLHEADING_SMALL_TUBING.dsav, undefined"
"https://broker.endpoints.service-project-us-prod-1a95.cloud.goog?app=drilling-simulator&drillSimFile=https://raw.githubusercontent.com/endeavortechnologies/modulesAndSaves/main/OGOR_A_V2_LUBEANDBLEED.dsav, https://broker.endpoints.service-project-us-dev-3f0c.cloud.goog?app=drilling-simulator&drillSimFile=https://raw.githubusercontent.com/endeavortechnologies/modulesAndSaves/main/OGOR_A_V2_LUBEANDBLEED.dsav, undefined"
"https://broker.endpoints.service-project-us-prod-1a95.cloud.goog?app=drilling-simulator&drillSimFile=https://raw.githubusercontent.com/endeavortechnologies/modulesAndSaves/main/OGOR_A_V2_REVERSECIRCULATION_1.dsav, https://broker.endpoints.service-project-us-dev-3f0c.cloud.goog?app=drilling-simulator&drillSimFile=https://raw.githubusercontent.com/endeavortechnologies/modulesAndSaves/main/OGOR_A_V2_REVERSECIRCULATION_1.dsav, undefined"
"https://broker.endpoints.service-project-us-prod-1a95.cloud.goog?app=drilling-simulator&drillSimFile=https://raw.githubusercontent.com/endeavortechnologies/modulesAndSaves/main/OGOR_A_V2_REVERSECIRCULATION_2.dsav, https://broker.endpoints.service-project-us-dev-3f0c.cloud.goog?app=drilling-simulator&drillSimFile=https://raw.githubusercontent.com/endeavortechnologies/modulesAndSaves/main/OGOR_A_V2_REVERSECIRCULATION_2.dsav, undefined"
"https://broker.endpoints.service-project-us-prod-1a95.cloud.goog?app=drilling-simulator&drillSimFile=https://raw.githubusercontent.com/endeavortechnologies/modulesAndSaves/main/OGOR_A_V2_SANDPLUG_1.dsav, https://broker.endpoints.service-project-us-dev-3f0c.cloud.goog?app=drilling-simulator&drillSimFile=https://raw.githubusercontent.com/endeavortechnologies/modulesAndSaves/main/OGOR_A_V2_SANDPLUG_1.dsav, undefined"
"https://broker.endpoints.service-project-us-prod-1a95.cloud.goog?app=drilling-simulator&drillSimFile=https://raw.githubusercontent.com/endeavortechnologies/modulesAndSaves/main/OGOR_A_V2_SANDPLUG_2.dsav, https://broker.endpoints.service-project-us-dev-3f0c.cloud.goog?app=drilling-simulator&drillSimFile=https://raw.githubusercontent.com/endeavortechnologies/modulesAndSaves/main/OGOR_A_V2_SANDPLUG_2.dsav, undefined"
"https://broker.endpoints.service-project-us-prod-1a95.cloud.goog?app=drilling-simulator&drillSimFile=https://raw.githubusercontent.com/endeavortechnologies/modulesAndSaves/main/OGOR_A_V2_VOLUMETRIC.dsav, https://broker.endpoints.service-project-us-dev-3f0c.cloud.goog?app=drilling-simulator&drillSimFile=https://raw.githubusercontent.com/endeavortechnologies/modulesAndSaves/main/OGOR_A_V2_VOLUMETRIC.dsav, undefined"
"https://broker.endpoints.service-project-us-prod-1a95.cloud.goog?app=drilling-simulator&drillSimFile=https://raw.githubusercontent.com/endeavortechnologies/modulesAndSaves/main/OGOR_A_VOLUMETRIC.dsav, https://broker.endpoints.service-project-us-dev-3f0c.cloud.goog?app=drilling-simulator&drillSimFile=https://raw.githubusercontent.com/endeavortechnologies/modulesAndSaves/main/OGOR_A_VOLUMETRIC.dsav, undefined"
"https://broker.endpoints.service-project-us-prod-1a95.cloud.goog?app=drilling-simulator&drillSimFile=https://raw.githubusercontent.com/endeavortechnologies/modulesAndSaves/main/OGOR_B_BULLHEADING.dsav, https://broker.endpoints.service-project-us-dev-3f0c.cloud.goog?app=drilling-simulator&drillSimFile=https://raw.githubusercontent.com/endeavortechnologies/modulesAndSaves/main/OGOR_B_BULLHEADING.dsav, undefined"
"https://broker.endpoints.service-project-us-prod-1a95.cloud.goog?app=drilling-simulator&drillSimFile=https://raw.githubusercontent.com/endeavortechnologies/modulesAndSaves/main/OGOR_B_LUBEANDBLEED.dsav, https://broker.endpoints.service-project-us-dev-3f0c.cloud.goog?app=drilling-simulator&drillSimFile=https://raw.githubusercontent.com/endeavortechnologies/modulesAndSaves/main/OGOR_B_LUBEANDBLEED.dsav, undefined"
"https://broker.endpoints.service-project-us-prod-1a95.cloud.goog?app=drilling-simulator&drillSimFile=https://raw.githubusercontent.com/endeavortechnologies/modulesAndSaves/main/OGOR_B_LUBEANDBLEED.dsav, https://broker.endpoints.service-project-us-dev-3f0c.cloud.goog?app=drilling-simulator&drillSimFile=https://raw.githubusercontent.com/endeavortechnologies/modulesAndSaves/main/OGOR_B_LUBEANDBLEED.dsav, undefined"
"https://broker.endpoints.service-project-us-prod-1a95.cloud.goog?app=drilling-simulator&drillSimFile=https://raw.githubusercontent.com/endeavortechnologies/modulesAndSaves/main/OGOR_B_VOLUMETRIC.dsav, https://broker.endpoints.service-project-us-dev-3f0c.cloud.goog?app=drilling-simulator&drillSimFile=https://raw.githubusercontent.com/endeavortechnologies/modulesAndSaves/main/OGOR_B_VOLUMETRIC.dsav, undefined"
"https://broker.endpoints.service-project-us-prod-1a95.cloud.goog?app=drilling-simulator&drillSimFile=https://raw.githubusercontent.com/endeavortechnologies/modulesAndSaves/main/SBPD_LAND_KILLPILL.DSTS, https://broker.endpoints.service-project-us-dev-3f0c.cloud.goog?app=drilling-simulator&drillSimFile=https://raw.githubusercontent.com/endeavortechnologies/modulesAndSaves/main/SBPD_LAND_KILLPILL.DSTS, undefined"
"https://broker.endpoints.service-project-us-prod-1a95.cloud.goog?app=drilling-simulator&drillSimFile=https://raw.githubusercontent.com/endeavortechnologies/modulesAndSaves/main/SEADRILL_SUBSEA_A_1.dsav, https://broker.endpoints.service-project-us-dev-3f0c.cloud.goog?app=drilling-simulator&drillSimFile=https://raw.githubusercontent.com/endeavortechnologies/modulesAndSaves/main/SEADRILL_SUBSEA_A_1.dsav, undefined"
"https://broker.endpoints.service-project-us-prod-1a95.cloud.goog?app=drilling-simulator&drillSimFile=https://raw.githubusercontent.com/endeavortechnologies/modulesAndSaves/main/test.dsts, https://broker.endpoints.service-project-us-dev-3f0c.cloud.goog?app=drilling-simulator&drillSimFile=https://raw.githubusercontent.com/endeavortechnologies/modulesAndSaves/main/test.dsts, undefined"
"https://broker.endpoints.service-project-us-prod-1a95.cloud.goog?app=drilling-simulator&drillSimFile=https://raw.githubusercontent.com/endeavortechnologies/modulesAndSaves/main/Training_Well_3_AB_new.DSTS, https://broker.endpoints.service-project-us-dev-3f0c.cloud.goog?app=drilling-simulator&drillSimFile=https://raw.githubusercontent.com/endeavortechnologies/modulesAndSaves/main/Training_Well_3_AB_new.DSTS, undefined"
"https://broker.endpoints.service-project-us-prod-1a95.cloud.goog?app=drilling-simulator&drillSimFile=https://raw.githubusercontent.com/endeavortechnologies/modulesAndSaves/main/WEATHERFORD_LHS_WELL_01_1175X13375_V0.DSTS, https://broker.endpoints.service-project-us-dev-3f0c.cloud.goog?app=drilling-simulator&drillSimFile=https://raw.githubusercontent.com/endeavortechnologies/modulesAndSaves/main/WEATHERFORD_LHS_WELL_01_1175X13375_V0.DSTS, undefined"
"https://broker.endpoints.service-project-us-prod-1a95.cloud.goog?app=drilling-simulator&drillSimFile=https://raw.githubusercontent.com/endeavortechnologies/modulesAndSaves/main/WEATHERFORD_LHS_WELL_01_45X7_V0.DSTS, https://broker.endpoints.service-project-us-dev-3f0c.cloud.goog?app=drilling-simulator&drillSimFile=https://raw.githubusercontent.com/endeavortechnologies/modulesAndSaves/main/WEATHERFORD_LHS_WELL_01_45X7_V0.DSTS, undefined"
"https://broker.endpoints.service-project-us-prod-1a95.cloud.goog?app=drilling-simulator&drillSimFile=https://raw.githubusercontent.com/endeavortechnologies/modulesAndSaves/main/WEATHERFORD_LHS_WELL_01_55X9625_V0.DSTS, https://broker.endpoints.service-project-us-dev-3f0c.cloud.goog?app=drilling-simulator&drillSimFile=https://raw.githubusercontent.com/endeavortechnologies/modulesAndSaves/main/WEATHERFORD_LHS_WELL_01_55X9625_V0.DSTS, undefined"
"https://broker.endpoints.service-project-us-prod-1a95.cloud.goog?app=drilling-simulator&drillSimFile=https://raw.githubusercontent.com/endeavortechnologies/modulesAndSaves/main/WEATHERFORD_LHS_WELL_01_5X7625_V0.DSTS, https://broker.endpoints.service-project-us-dev-3f0c.cloud.goog?app=drilling-simulator&drillSimFile=https://raw.githubusercontent.com/endeavortechnologies/modulesAndSaves/main/WEATHERFORD_LHS_WELL_01_5X7625_V0.DSTS, undefined"
"https://broker.endpoints.service-project-us-prod-1a95.cloud.goog?app=drilling-simulator&drillSimFile=https://raw.githubusercontent.com/endeavortechnologies/modulesAndSaves/main/WEATHERFORD_LHS_WELL_01_7X9625_V0.DSTS, https://broker.endpoints.service-project-us-dev-3f0c.cloud.goog?app=drilling-simulator&drillSimFile=https://raw.githubusercontent.com/endeavortechnologies/modulesAndSaves/main/WEATHERFORD_LHS_WELL_01_7X9625_V0.DSTS, undefined"
"https://broker.endpoints.service-project-us-prod-1a95.cloud.goog?app=drilling-simulator&drillSimFile=https://raw.githubusercontent.com/endeavortechnologies/modulesAndSaves/main/WEATHERFORD_LHS_WELL_01_9625X13375_V0.DSTS, https://broker.endpoints.service-project-us-dev-3f0c.cloud.goog?app=drilling-simulator&drillSimFile=https://raw.githubusercontent.com/endeavortechnologies/modulesAndSaves/main/WEATHERFORD_LHS_WELL_01_9625X13375_V0.DSTS, undefined"
"https://broker.endpoints.service-project-us-prod-1a95.cloud.goog?app=drilling-simulator&drillSimFile=https://raw.githubusercontent.com/endeavortechnologies/modulesAndSaves/main/WEATHERFORD_LHS_WELL_01_BHA_PS_V0.DSTS, https://broker.endpoints.service-project-us-dev-3f0c.cloud.goog?app=drilling-simulator&drillSimFile=https://raw.githubusercontent.com/endeavortechnologies/modulesAndSaves/main/WEATHERFORD_LHS_WELL_01_BHA_PS_V0.DSTS, undefined"
"https://broker.endpoints.service-project-us-prod-1a95.cloud.goog?app=drilling-simulator&drillSimFile=https://raw.githubusercontent.com/endeavortechnologies/modulesAndSaves/main/WEATHERFORD_LHS_WELL_01_BHA_TD_V0.DSTS, https://broker.endpoints.service-project-us-dev-3f0c.cloud.goog?app=drilling-simulator&drillSimFile=https://raw.githubusercontent.com/endeavortechnologies/modulesAndSaves/main/WEATHERFORD_LHS_WELL_01_BHA_TD_V0.DSTS, undefined"
"https://broker.endpoints.service-project-us-prod-1a95.cloud.goog?app=drilling-simulator&drillSimFile=https://raw.githubusercontent.com/endeavortechnologies/modulesAndSaves/main/WEATHERFORD_LHS_WELL_01_LH_OH_V0.DSTS, https://broker.endpoints.service-project-us-dev-3f0c.cloud.goog?app=drilling-simulator&drillSimFile=https://raw.githubusercontent.com/endeavortechnologies/modulesAndSaves/main/WEATHERFORD_LHS_WELL_01_LH_OH_V0.DSTS, undefined"
"https://broker.endpoints.service-project-us-prod-1a95.cloud.goog?app=drilling-simulator&drillSimFile=https://raw.githubusercontent.com/endeavortechnologies/modulesAndSaves/main/WEATHERFORD_LHS_WELL_01_LH_PS_V0.DSTS, https://broker.endpoints.service-project-us-dev-3f0c.cloud.goog?app=drilling-simulator&drillSimFile=https://raw.githubusercontent.com/endeavortechnologies/modulesAndSaves/main/WEATHERFORD_LHS_WELL_01_LH_PS_V0.DSTS, undefined"
"https://broker.endpoints.service-project-us-prod-1a95.cloud.goog?app=drilling-simulator&drillSimFile=https://raw.githubusercontent.com/endeavortechnologies/modulesAndSaves/main/WEATHERFORD_LHS_WELL_02_10X14_V0.DSTS, https://broker.endpoints.service-project-us-dev-3f0c.cloud.goog?app=drilling-simulator&drillSimFile=https://raw.githubusercontent.com/endeavortechnologies/modulesAndSaves/main/WEATHERFORD_LHS_WELL_02_10X14_V0.DSTS, undefined"
"https://broker.endpoints.service-project-us-prod-1a95.cloud.goog?app=drilling-simulator&drillSimFile=https://raw.githubusercontent.com/endeavortechnologies/modulesAndSaves/main/WEATHERFORD_LHS_WELL_02_1175X13375_V0.DSTS, https://broker.endpoints.service-project-us-dev-3f0c.cloud.goog?app=drilling-simulator&drillSimFile=https://raw.githubusercontent.com/endeavortechnologies/modulesAndSaves/main/WEATHERFORD_LHS_WELL_02_1175X13375_V0.DSTS, undefined"
"https://broker.endpoints.service-project-us-prod-1a95.cloud.goog?app=drilling-simulator&drillSimFile=https://raw.githubusercontent.com/endeavortechnologies/modulesAndSaves/main/WEATHERFORD_LHS_WELL_02_45X7_V0.DSTS, https://broker.endpoints.service-project-us-dev-3f0c.cloud.goog?app=drilling-simulator&drillSimFile=https://raw.githubusercontent.com/endeavortechnologies/modulesAndSaves/main/WEATHERFORD_LHS_WELL_02_45X7_V0.DSTS, undefined"
"https://broker.endpoints.service-project-us-prod-1a95.cloud.goog?app=drilling-simulator&drillSimFile=https://raw.githubusercontent.com/endeavortechnologies/modulesAndSaves/main/WEATHERFORD_LHS_WELL_02_55X9625_V0.DSTS, https://broker.endpoints.service-project-us-dev-3f0c.cloud.goog?app=drilling-simulator&drillSimFile=https://raw.githubusercontent.com/endeavortechnologies/modulesAndSaves/main/WEATHERFORD_LHS_WELL_02_55X9625_V0.DSTS, undefined"
"https://broker.endpoints.service-project-us-prod-1a95.cloud.goog?app=drilling-simulator&drillSimFile=https://raw.githubusercontent.com/endeavortechnologies/modulesAndSaves/main/WEATHERFORD_LHS_WELL_02_5X7625_V0.DSTS, https://broker.endpoints.service-project-us-dev-3f0c.cloud.goog?app=drilling-simulator&drillSimFile=https://raw.githubusercontent.com/endeavortechnologies/modulesAndSaves/main/WEATHERFORD_LHS_WELL_02_5X7625_V0.DSTS, undefined"
"https://broker.endpoints.service-project-us-prod-1a95.cloud.goog?app=drilling-simulator&drillSimFile=https://raw.githubusercontent.com/endeavortechnologies/modulesAndSaves/main/WEATHERFORD_LHS_WELL_02_7X9625_V0.DSTS, https://broker.endpoints.service-project-us-dev-3f0c.cloud.goog?app=drilling-simulator&drillSimFile=https://raw.githubusercontent.com/endeavortechnologies/modulesAndSaves/main/WEATHERFORD_LHS_WELL_02_7X9625_V0.DSTS, undefined"
"https://broker.endpoints.service-project-us-prod-1a95.cloud.goog?app=drilling-simulator&drillSimFile=https://raw.githubusercontent.com/endeavortechnologies/modulesAndSaves/main/WEATHERFORD_LHS_WELL_02_AB_BHA_PS_V0.DSTS, https://broker.endpoints.service-project-us-dev-3f0c.cloud.goog?app=drilling-simulator&drillSimFile=https://raw.githubusercontent.com/endeavortechnologies/modulesAndSaves/main/WEATHERFORD_LHS_WELL_02_AB_BHA_PS_V0.DSTS, undefined"
"https://broker.endpoints.service-project-us-prod-1a95.cloud.goog?app=drilling-simulator&drillSimFile=https://raw.githubusercontent.com/endeavortechnologies/modulesAndSaves/main/WEATHERFORD_LHS_WELL_02_AB_BHA_TD_V0.DSTS, https://broker.endpoints.service-project-us-dev-3f0c.cloud.goog?app=drilling-simulator&drillSimFile=https://raw.githubusercontent.com/endeavortechnologies/modulesAndSaves/main/WEATHERFORD_LHS_WELL_02_AB_BHA_TD_V0.DSTS, undefined"
"https://broker.endpoints.service-project-us-prod-1a95.cloud.goog?app=drilling-simulator&drillSimFile=https://raw.githubusercontent.com/endeavortechnologies/modulesAndSaves/main/WEATHERFORD_LHS_WELL_02_AB_LH_OH_V0.DSTS, https://broker.endpoints.service-project-us-dev-3f0c.cloud.goog?app=drilling-simulator&drillSimFile=https://raw.githubusercontent.com/endeavortechnologies/modulesAndSaves/main/WEATHERFORD_LHS_WELL_02_AB_LH_OH_V0.DSTS, undefined"
"https://broker.endpoints.service-project-us-prod-1a95.cloud.goog?app=drilling-simulator&drillSimFile=https://raw.githubusercontent.com/endeavortechnologies/modulesAndSaves/main/WEATHERFORD_LHS_WELL_02_AB_LH_PS_V0.DSTS, https://broker.endpoints.service-project-us-dev-3f0c.cloud.goog?app=drilling-simulator&drillSimFile=https://raw.githubusercontent.com/endeavortechnologies/modulesAndSaves/main/WEATHERFORD_LHS_WELL_02_AB_LH_PS_V0.DSTS, undefined"
"https://broker.endpoints.service-project-us-prod-1a95.cloud.goog?app=drilling-simulator&drillSimFile=https://raw.githubusercontent.com/endeavortechnologies/modulesAndSaves/main/WEATHERFORD_LHS_WELL_03_1175X13325_V0.DSTS, https://broker.endpoints.service-project-us-dev-3f0c.cloud.goog?app=drilling-simulator&drillSimFile=https://raw.githubusercontent.com/endeavortechnologies/modulesAndSaves/main/WEATHERFORD_LHS_WELL_03_1175X13325_V0.DSTS, undefined"
"https://broker.endpoints.service-project-us-prod-1a95.cloud.goog?app=drilling-simulator&drillSimFile=https://raw.githubusercontent.com/endeavortechnologies/modulesAndSaves/main/WEATHERFORD_LHS_WELL_03_45X7_V0.DSTS, https://broker.endpoints.service-project-us-dev-3f0c.cloud.goog?app=drilling-simulator&drillSimFile=https://raw.githubusercontent.com/endeavortechnologies/modulesAndSaves/main/WEATHERFORD_LHS_WELL_03_45X7_V0.DSTS, undefined"
"https://broker.endpoints.service-project-us-prod-1a95.cloud.goog?app=drilling-simulator&drillSimFile=https://raw.githubusercontent.com/endeavortechnologies/modulesAndSaves/main/WEATHERFORD_LHS_WELL_03_55X9625_V0.DSTS, https://broker.endpoints.service-project-us-dev-3f0c.cloud.goog?app=drilling-simulator&drillSimFile=https://raw.githubusercontent.com/endeavortechnologies/modulesAndSaves/main/WEATHERFORD_LHS_WELL_03_55X9625_V0.DSTS, undefined"
"https://broker.endpoints.service-project-us-prod-1a95.cloud.goog?app=drilling-simulator&drillSimFile=https://raw.githubusercontent.com/endeavortechnologies/modulesAndSaves/main/WEATHERFORD_LHS_WELL_03_5X7625_V0.DSTS, https://broker.endpoints.service-project-us-dev-3f0c.cloud.goog?app=drilling-simulator&drillSimFile=https://raw.githubusercontent.com/endeavortechnologies/modulesAndSaves/main/WEATHERFORD_LHS_WELL_03_5X7625_V0.DSTS, undefined"
"https://broker.endpoints.service-project-us-prod-1a95.cloud.goog?app=drilling-simulator&drillSimFile=https://raw.githubusercontent.com/endeavortechnologies/modulesAndSaves/main/WEATHERFORD_LHS_WELL_03_7625X9625_V0.DSTS, https://broker.endpoints.service-project-us-dev-3f0c.cloud.goog?app=drilling-simulator&drillSimFile=https://raw.githubusercontent.com/endeavortechnologies/modulesAndSaves/main/WEATHERFORD_LHS_WELL_03_7625X9625_V0.DSTS, undefined"
"https://broker.endpoints.service-project-us-prod-1a95.cloud.goog?app=drilling-simulator&drillSimFile=https://raw.githubusercontent.com/endeavortechnologies/modulesAndSaves/main/WEATHERFORD_LHS_WELL_03_7X9625_V0.DSTS, https://broker.endpoints.service-project-us-dev-3f0c.cloud.goog?app=drilling-simulator&drillSimFile=https://raw.githubusercontent.com/endeavortechnologies/modulesAndSaves/main/WEATHERFORD_LHS_WELL_03_7X9625_V0.DSTS, undefined"
"https://broker.endpoints.service-project-us-prod-1a95.cloud.goog?app=drilling-simulator&drillSimFile=https://raw.githubusercontent.com/endeavortechnologies/modulesAndSaves/main/WEATHERFORD_LHS_WELL_03_AB_BHA_PS_V0.DSTS, https://broker.endpoints.service-project-us-dev-3f0c.cloud.goog?app=drilling-simulator&drillSimFile=https://raw.githubusercontent.com/endeavortechnologies/modulesAndSaves/main/WEATHERFORD_LHS_WELL_03_AB_BHA_PS_V0.DSTS, undefined"
"https://broker.endpoints.service-project-us-prod-1a95.cloud.goog?app=drilling-simulator&drillSimFile=https://raw.githubusercontent.com/endeavortechnologies/modulesAndSaves/main/WEATHERFORD_LHS_WELL_03_AB_BHA_TD_V0.DSTS, https://broker.endpoints.service-project-us-dev-3f0c.cloud.goog?app=drilling-simulator&drillSimFile=https://raw.githubusercontent.com/endeavortechnologies/modulesAndSaves/main/WEATHERFORD_LHS_WELL_03_AB_BHA_TD_V0.DSTS, undefined"
"https://broker.endpoints.service-project-us-prod-1a95.cloud.goog?app=drilling-simulator&drillSimFile=https://raw.githubusercontent.com/endeavortechnologies/modulesAndSaves/main/WEATHERFORD_LHS_WELL_03_AB_LH_OH_V0.DSTS, https://broker.endpoints.service-project-us-dev-3f0c.cloud.goog?app=drilling-simulator&drillSimFile=https://raw.githubusercontent.com/endeavortechnologies/modulesAndSaves/main/WEATHERFORD_LHS_WELL_03_AB_LH_OH_V0.DSTS, undefined"
"https://broker.endpoints.service-project-us-prod-1a95.cloud.goog?app=drilling-simulator&drillSimFile=https://raw.githubusercontent.com/endeavortechnologies/modulesAndSaves/main/WEATHERFORD_LHS_WELL_03_AB_LH_PS_V0.DSTS, https://broker.endpoints.service-project-us-dev-3f0c.cloud.goog?app=drilling-simulator&drillSimFile=https://raw.githubusercontent.com/endeavortechnologies/modulesAndSaves/main/WEATHERFORD_LHS_WELL_03_AB_LH_PS_V0.DSTS, undefined"
"https://broker.endpoints.service-project-us-prod-1a95.cloud.goog?app=drilling-simulator&drillSimFile=https://raw.githubusercontent.com/endeavortechnologies/modulesAndSaves/main/WEATHERFORD_LHS_WELL_04_45X7_V0.DSTS, https://broker.endpoints.service-project-us-dev-3f0c.cloud.goog?app=drilling-simulator&drillSimFile=https://raw.githubusercontent.com/endeavortechnologies/modulesAndSaves/main/WEATHERFORD_LHS_WELL_04_45X7_V0.DSTS, undefined"
"https://broker.endpoints.service-project-us-prod-1a95.cloud.goog?app=drilling-simulator&drillSimFile=https://raw.githubusercontent.com/endeavortechnologies/modulesAndSaves/main/WEATHERFORD_LHS_WELL_04_55X9625_V0.DSTS, https://broker.endpoints.service-project-us-dev-3f0c.cloud.goog?app=drilling-simulator&drillSimFile=https://raw.githubusercontent.com/endeavortechnologies/modulesAndSaves/main/WEATHERFORD_LHS_WELL_04_55X9625_V0.DSTS, undefined"
"https://broker.endpoints.service-project-us-prod-1a95.cloud.goog?app=drilling-simulator&drillSimFile=https://raw.githubusercontent.com/endeavortechnologies/modulesAndSaves/main/WEATHERFORD_LHS_WELL_04_5X7625_V0.DSTS, https://broker.endpoints.service-project-us-dev-3f0c.cloud.goog?app=drilling-simulator&drillSimFile=https://raw.githubusercontent.com/endeavortechnologies/modulesAndSaves/main/WEATHERFORD_LHS_WELL_04_5X7625_V0.DSTS, undefined"
"https://broker.endpoints.service-project-us-prod-1a95.cloud.goog?app=drilling-simulator&drillSimFile=https://raw.githubusercontent.com/endeavortechnologies/modulesAndSaves/main/WEATHERFORD_LHS_WELL_04_7X9625_V0.DSTS, https://broker.endpoints.service-project-us-dev-3f0c.cloud.goog?app=drilling-simulator&drillSimFile=https://raw.githubusercontent.com/endeavortechnologies/modulesAndSaves/main/WEATHERFORD_LHS_WELL_04_7X9625_V0.DSTS, undefined"
"https://broker.endpoints.service-project-us-prod-1a95.cloud.goog?app=drilling-simulator&drillSimFile=https://raw.githubusercontent.com/endeavortechnologies/modulesAndSaves/main/WEATHERFORD_LHS_WELL_04_9625X13375_V0.DSTS, https://broker.endpoints.service-project-us-dev-3f0c.cloud.goog?app=drilling-simulator&drillSimFile=https://raw.githubusercontent.com/endeavortechnologies/modulesAndSaves/main/WEATHERFORD_LHS_WELL_04_9625X13375_V0.DSTS, undefined"
"https://broker.endpoints.service-project-us-prod-1a95.cloud.goog?app=drilling-simulator&drillSimFile=https://raw.githubusercontent.com/endeavortechnologies/modulesAndSaves/main/WEATHERFORD_LINERHANGER_1.dsts, https://broker.endpoints.service-project-us-dev-3f0c.cloud.goog?app=drilling-simulator&drillSimFile=https://raw.githubusercontent.com/endeavortechnologies/modulesAndSaves/main/WEATHERFORD_LINERHANGER_1.dsts, undefined"
"https://broker.endpoints.service-project-us-prod-1a95.cloud.goog?app=drilling-simulator&drillSimFile=https://raw.githubusercontent.com/endeavortechnologies/modulesAndSaves/main/WEATHERFORD_LINERHANGER_2.dsts, https://broker.endpoints.service-project-us-dev-3f0c.cloud.goog?app=drilling-simulator&drillSimFile=https://raw.githubusercontent.com/endeavortechnologies/modulesAndSaves/main/WEATHERFORD_LINERHANGER_2.dsts, undefined"
"https://broker.endpoints.service-project-us-prod-1a95.cloud.goog?app=drilling-simulator&drillSimFile=https://raw.githubusercontent.com/endeavortechnologies/modulesAndSaves/main/WEATHERFORD_LINERHANGER_3.dsts, https://broker.endpoints.service-project-us-dev-3f0c.cloud.goog?app=drilling-simulator&drillSimFile=https://raw.githubusercontent.com/endeavortechnologies/modulesAndSaves/main/WEATHERFORD_LINERHANGER_3.dsts, undefined"
"https://broker.endpoints.service-project-us-prod-1a95.cloud.goog?app=drilling-simulator&drillSimFile=https://raw.githubusercontent.com/endeavortechnologies/modulesAndSaves/main/WEATHERFORD_WFT_1_TW.dsts, https://broker.endpoints.service-project-us-dev-3f0c.cloud.goog?app=drilling-simulator&drillSimFile=https://raw.githubusercontent.com/endeavortechnologies/modulesAndSaves/main/WEATHERFORD_WFT_1_TW.dsts, undefined"
"https://broker.endpoints.service-project-us-prod-1a95.cloud.goog?app=drilling-simulator&drillSimFile=https://raw.githubusercontent.com/endeavortechnologies/modulesAndSaves/main/WEATHERFORD_WFT_2_75.dsts, https://broker.endpoints.service-project-us-dev-3f0c.cloud.goog?app=drilling-simulator&drillSimFile=https://raw.githubusercontent.com/endeavortechnologies/modulesAndSaves/main/WEATHERFORD_WFT_2_75.dsts, undefined"
"https://broker.endpoints.service-project-us-prod-1a95.cloud.goog?app=drilling-simulator&drillSimFile=https://raw.githubusercontent.com/endeavortechnologies/modulesAndSaves/main/WEATHERFORD_WFT_3_22150.dsts, https://broker.endpoints.service-project-us-dev-3f0c.cloud.goog?app=drilling-simulator&drillSimFile=https://raw.githubusercontent.com/endeavortechnologies/modulesAndSaves/main/WEATHERFORD_WFT_3_22150.dsts, undefined"
"https://broker.endpoints.service-project-us-prod-1a95.cloud.goog?app=drilling-simulator&drillSimFile=https://raw.githubusercontent.com/endeavortechnologies/modulesAndSaves/main/WEATHERFORD_WFT_4_TAPERED.dsts, https://broker.endpoints.service-project-us-dev-3f0c.cloud.goog?app=drilling-simulator&drillSimFile=https://raw.githubusercontent.com/endeavortechnologies/modulesAndSaves/main/WEATHERFORD_WFT_4_TAPERED.dsts, undefined"
"https://broker.endpoints.service-project-us-prod-1a95.cloud.goog?app=drilling-simulator&drillSimFile=https://raw.githubusercontent.com/endeavortechnologies/modulesAndSaves/main/WEATHERFORD_WFT_4_TAPERED.dsts, https://broker.endpoints.service-project-us-dev-3f0c.cloud.goog?app=drilling-simulator&drillSimFile=https://raw.githubusercontent.com/endeavortechnologies/modulesAndSaves/main/WEATHERFORD_WFT_4_TAPERED.dsts, undefined"
"https://broker.endpoints.service-project-us-prod-1a95.cloud.goog?app=drilling-simulator&drillSimFile=https://raw.githubusercontent.com/endeavortechnologies/modulesAndSaves/main/WEATHERFORD_WFT_4_TAPERED.dsts, https://broker.endpoints.service-project-us-dev-3f0c.cloud.goog?app=drilling-simulator&drillSimFile=https://raw.githubusercontent.com/endeavortechnologies/modulesAndSaves/main/WEATHERFORD_WFT_4_TAPERED.dsts, undefined"
"https://broker.endpoints.service-project-us-prod-1a95.cloud.goog?app=drilling-simulator&drillSimFile=https://raw.githubusercontent.com/endeavortechnologies/modulesAndSaves/main/WEATHERFORD_WFT_4_TAPERED.dsts, https://broker.endpoints.service-project-us-dev-3f0c.cloud.goog?app=drilling-simulator&drillSimFile=https://raw.githubusercontent.com/endeavortechnologies/modulesAndSaves/main/WEATHERFORD_WFT_4_TAPERED.dsts, undefined"
"https://broker.endpoints.service-project-us-prod-1a95.cloud.goog?app=drilling-simulator&drillSimFile=https://raw.githubusercontent.com/endeavortechnologies/modulesAndSaves/main/WEATHERFORD_WFT_4_TAPERED.dsts, https://broker.endpoints.service-project-us-dev-3f0c.cloud.goog?app=drilling-simulator&drillSimFile=https://raw.githubusercontent.com/endeavortechnologies/modulesAndSaves/main/WEATHERFORD_WFT_4_TAPERED.dsts, undefined"
"https://broker.endpoints.service-project-us-prod-1a95.cloud.goog?app=drilling-simulator&drillSimFile=https://raw.githubusercontent.com/endeavortechnologies/modulesAndSaves/main/WEATHERFORD_WFT_4_TAPERED.dsts, https://broker.endpoints.service-project-us-dev-3f0c.cloud.goog?app=drilling-simulator&drillSimFile=https://raw.githubusercontent.com/endeavortechnologies/modulesAndSaves/main/WEATHERFORD_WFT_4_TAPERED.dsts, undefined"
"https://broker.endpoints.service-project-us-prod-1a95.cloud.goog?app=drilling-simulator&drillSimFile=https://raw.githubusercontent.com/endeavortechnologies/modulesAndSaves/main/WEATHERFORD_WFT_4_TAPERED.dsts, https://broker.endpoints.service-project-us-dev-3f0c.cloud.goog?app=drilling-simulator&drillSimFile=https://raw.githubusercontent.com/endeavortechnologies/modulesAndSaves/main/WEATHERFORD_WFT_4_TAPERED.dsts, undefined"
"https://broker.endpoints.service-project-us-prod-1a95.cloud.goog?app=drilling-simulator&drillSimFile=https://raw.githubusercontent.com/endeavortechnologies/modulesAndSaves/main/WEATHERFORD_WFT_4_TAPERED.dsts, https://broker.endpoints.service-project-us-dev-3f0c.cloud.goog?app=drilling-simulator&drillSimFile=https://raw.githubusercontent.com/endeavortechnologies/modulesAndSaves/main/WEATHERFORD_WFT_4_TAPERED.dsts, undefined"
"https://broker.endpoints.service-project-us-prod-1a95.cloud.goog?app=drilling-simulator&drillSimFile=https://raw.githubusercontent.com/endeavortechnologies/modulesAndSaves/main/WEATHERFORD_WFT_4_TAPERED.dsts, https://broker.endpoints.service-project-us-dev-3f0c.cloud.goog?app=drilling-simulator&drillSimFile=https://raw.githubusercontent.com/endeavortechnologies/modulesAndSaves/main/WEATHERFORD_WFT_4_TAPERED.dsts, undefined"
"https://broker.endpoints.service-project-us-prod-1a95.cloud.goog?app=drilling-simulator&drillSimFile=https://raw.githubusercontent.com/endeavortechnologies/modulesAndSaves/main/WEATHERFORD_WFT_4_TAPERED.dsts, https://broker.endpoints.service-project-us-dev-3f0c.cloud.goog?app=drilling-simulator&drillSimFile=https://raw.githubusercontent.com/endeavortechnologies/modulesAndSaves/main/WEATHERFORD_WFT_4_TAPERED.dsts, undefined"
"https://broker.endpoints.service-project-us-prod-1a95.cloud.goog?app=drilling-simulator&drillSimFile=https://raw.githubusercontent.com/endeavortechnologies/modulesAndSaves/main/WEATHERFORD_WFT_4_TAPERED.dsts, https://broker.endpoints.service-project-us-dev-3f0c.cloud.goog?app=drilling-simulator&drillSimFile=https://raw.githubusercontent.com/endeavortechnologies/modulesAndSaves/main/WEATHERFORD_WFT_4_TAPERED.dsts, undefined"
"https://broker.endpoints.service-project-us-prod-1a95.cloud.goog?app=drilling-simulator&drillSimFile=https://raw.githubusercontent.com/endeavortechnologies/modulesAndSaves/main/WEATHERFORD_WFT_4_TAPERED.dsts, https://broker.endpoints.service-project-us-dev-3f0c.cloud.goog?app=drilling-simulator&drillSimFile=https://raw.githubusercontent.com/endeavortechnologies/modulesAndSaves/main/WEATHERFORD_WFT_4_TAPERED.dsts, undefined"
"https://broker.endpoints.service-project-us-prod-1a95.cloud.goog?app=drilling-simulator&drillSimFile=https://raw.githubusercontent.com/endeavortechnologies/modulesAndSaves/main/WEATHERFORD_WFT_4_TAPERED.dsts, https://broker.endpoints.service-project-us-dev-3f0c.cloud.goog?app=drilling-simulator&drillSimFile=https://raw.githubusercontent.com/endeavortechnologies/modulesAndSaves/main/WEATHERFORD_WFT_4_TAPERED.dsts, undefined"
"https://broker.endpoints.service-project-us-prod-1a95.cloud.goog?app=drilling-simulator&drillSimFile=https://raw.githubusercontent.com/endeavortechnologies/modulesAndSaves/main/WEATHERFORD_WFT_4_TAPERED.dsts, https://broker.endpoints.service-project-us-dev-3f0c.cloud.goog?app=drilling-simulator&drillSimFile=https://raw.githubusercontent.com/endeavortechnologies/modulesAndSaves/main/WEATHERFORD_WFT_4_TAPERED.dsts, undefined"
"https://broker.endpoints.service-project-us-prod-1a95.cloud.goog?app=drilling-simulator&drillSimFile=https://raw.githubusercontent.com/endeavortechnologies/modulesAndSaves/main/WEATHERFORD_WFT_4_TAPERED.dsts, https://broker.endpoints.service-project-us-dev-3f0c.cloud.goog?app=drilling-simulator&drillSimFile=https://raw.githubusercontent.com/endeavortechnologies/modulesAndSaves/main/WEATHERFORD_WFT_4_TAPERED.dsts, undefined"
"https://broker.endpoints.service-project-us-prod-1a95.cloud.goog?app=drilling-simulator&drillSimFile=https://raw.githubusercontent.com/endeavortechnologies/modulesAndSaves/main/WEATHERFORD_WFT_4_TAPERED.dsts, https://broker.endpoints.service-project-us-dev-3f0c.cloud.goog?app=drilling-simulator&drillSimFile=https://raw.githubusercontent.com/endeavortechnologies/modulesAndSaves/main/WEATHERFORD_WFT_4_TAPERED.dsts, undefined"
"https://broker.endpoints.service-project-us-prod-1a95.cloud.goog?app=drilling-simulator&drillSimFile=https://raw.githubusercontent.com/endeavortechnologies/modulesAndSaves/main/WEATHERFORD_WFT_4_TAPERED.dsts, https://broker.endpoints.service-project-us-dev-3f0c.cloud.goog?app=drilling-simulator&drillSimFile=https://raw.githubusercontent.com/endeavortechnologies/modulesAndSaves/main/WEATHERFORD_WFT_4_TAPERED.dsts, undefined"
"https://broker.endpoints.service-project-us-prod-1a95.cloud.goog?app=drilling-simulator&drillSimFile=https://raw.githubusercontent.com/endeavortechnologies/modulesAndSaves/main/WEATHERFORD_WFT_4_TAPERED.dsts, https://broker.endpoints.service-project-us-dev-3f0c.cloud.goog?app=drilling-simulator&drillSimFile=https://raw.githubusercontent.com/endeavortechnologies/modulesAndSaves/main/WEATHERFORD_WFT_4_TAPERED.dsts, undefined"
"https://broker.endpoints.service-project-us-prod-1a95.cloud.goog?app=drilling-simulator&drillSimFile=https://raw.githubusercontent.com/endeavortechnologies/modulesAndSaves/main/WEATHERFORD_WFT_4_TAPERED.dsts, https://broker.endpoints.service-project-us-dev-3f0c.cloud.goog?app=drilling-simulator&drillSimFile=https://raw.githubusercontent.com/endeavortechnologies/modulesAndSaves/main/WEATHERFORD_WFT_4_TAPERED.dsts, undefined"
"https://broker.endpoints.service-project-us-prod-1a95.cloud.goog?app=drilling-simulator&drillSimFile=https://raw.githubusercontent.com/endeavortechnologies/modulesAndSaves/main/WEATHERFORD_WFT_4_TAPERED.dsts, https://broker.endpoints.service-project-us-dev-3f0c.cloud.goog?app=drilling-simulator&drillSimFile=https://raw.githubusercontent.com/endeavortechnologies/modulesAndSaves/main/WEATHERFORD_WFT_4_TAPERED.dsts, undefined"
"https://broker.endpoints.service-project-us-prod-1a95.cloud.goog?app=drilling-simulator&drillSimFile=https://raw.githubusercontent.com/endeavortechnologies/modulesAndSaves/main/WEATHERFORD_WFT_4_TAPERED.dsts, https://broker.endpoints.service-project-us-dev-3f0c.cloud.goog?app=drilling-simulator&drillSimFile=https://raw.githubusercontent.com/endeavortechnologies/modulesAndSaves/main/WEATHERFORD_WFT_4_TAPERED.dsts, undefined"
"https://broker.endpoints.service-project-us-prod-1a95.cloud.goog?app=drilling-simulator&drillSimFile=https://raw.githubusercontent.com/endeavortechnologies/modulesAndSaves/main/WEATHERFORD_WFT_4_TAPERED.dsts, https://broker.endpoints.service-project-us-dev-3f0c.cloud.goog?app=drilling-simulator&drillSimFile=https://raw.githubusercontent.com/endeavortechnologies/modulesAndSaves/main/WEATHERFORD_WFT_4_TAPERED.dsts, undefined"
"https://broker.endpoints.service-project-us-prod-1a95.cloud.goog?app=drilling-simulator&drillSimFile=https://raw.githubusercontent.com/endeavortechnologies/modulesAndSaves/main/WEATHERFORD_WFT_4_TAPERED.dsts, https://broker.endpoints.service-project-us-dev-3f0c.cloud.goog?app=drilling-simulator&drillSimFile=https://raw.githubusercontent.com/endeavortechnologies/modulesAndSaves/main/WEATHERFORD_WFT_4_TAPERED.dsts, undefined"
"https://broker.endpoints.service-project-us-prod-1a95.cloud.goog?app=drilling-simulator&drillSimFile=https://raw.githubusercontent.com/endeavortechnologies/modulesAndSaves/main/WEATHERFORD_WFT_4_TAPERED.dsts, https://broker.endpoints.service-project-us-dev-3f0c.cloud.goog?app=drilling-simulator&drillSimFile=https://raw.githubusercontent.com/endeavortechnologies/modulesAndSaves/main/WEATHERFORD_WFT_4_TAPERED.dsts, undefined"
"https://broker.endpoints.service-project-us-prod-1a95.cloud.goog?app=drilling-simulator&drillSimFile=https://raw.githubusercontent.com/endeavortechnologies/modulesAndSaves/main/WEATHERFORD_WFT_4_TAPERED.dsts, https://broker.endpoints.service-project-us-dev-3f0c.cloud.goog?app=drilling-simulator&drillSimFile=https://raw.githubusercontent.com/endeavortechnologies/modulesAndSaves/main/WEATHERFORD_WFT_4_TAPERED.dsts, undefined"
"https://broker.endpoints.service-project-us-prod-1a95.cloud.goog?app=drilling-simulator&drillSimFile=https://raw.githubusercontent.com/endeavortechnologies/modulesAndSaves/main/WEATHERFORD_WFT_4_TAPERED.dsts, https://broker.endpoints.service-project-us-dev-3f0c.cloud.goog?app=drilling-simulator&drillSimFile=https://raw.githubusercontent.com/endeavortechnologies/modulesAndSaves/main/WEATHERFORD_WFT_4_TAPERED.dsts, undefined"
"https://broker.endpoints.service-project-us-prod-1a95.cloud.goog?app=drilling-simulator&drillSimFile=https://raw.githubusercontent.com/endeavortechnologies/modulesAndSaves/main/WEATHERFORD_WFT_4_TAPERED.dsts, https://broker.endpoints.service-project-us-dev-3f0c.cloud.goog?app=drilling-simulator&drillSimFile=https://raw.githubusercontent.com/endeavortechnologies/modulesAndSaves/main/WEATHERFORD_WFT_4_TAPERED.dsts, undefined"
"https://broker.endpoints.service-project-us-prod-1a95.cloud.goog?app=drilling-simulator&drillSimFile=https://raw.githubusercontent.com/endeavortechnologies/modulesAndSaves/main/WEATHERFORD_WFT_4_TAPERED.dsts, https://broker.endpoints.service-project-us-dev-3f0c.cloud.goog?app=drilling-simulator&drillSimFile=https://raw.githubusercontent.com/endeavortechnologies/modulesAndSaves/main/WEATHERFORD_WFT_4_TAPERED.dsts, undefined"
"https://broker.endpoints.service-project-us-prod-1a95.cloud.goog?app=drilling-simulator&drillSimFile=https://raw.githubusercontent.com/endeavortechnologies/modulesAndSaves/main/WEATHERFORD_WFT_4_TAPERED.dsts, https://broker.endpoints.service-project-us-dev-3f0c.cloud.goog?app=drilling-simulator&drillSimFile=https://raw.githubusercontent.com/endeavortechnologies/modulesAndSaves/main/WEATHERFORD_WFT_4_TAPERED.dsts, undefined"
"https://broker.endpoints.service-project-us-prod-1a95.cloud.goog?app=drilling-simulator&drillSimFile=https://raw.githubusercontent.com/endeavortechnologies/modulesAndSaves/main/WEATHERFORD_WFT_4_TAPERED.dsts, https://broker.endpoints.service-project-us-dev-3f0c.cloud.goog?app=drilling-simulator&drillSimFile=https://raw.githubusercontent.com/endeavortechnologies/modulesAndSaves/main/WEATHERFORD_WFT_4_TAPERED.dsts, undefined"
"https://broker.endpoints.service-project-us-prod-1a95.cloud.goog?app=drilling-simulator&drillSimFile=https://raw.githubusercontent.com/endeavortechnologies/modulesAndSaves/main/WEATHERFORD_WFT_4_TAPERED.dsts, https://broker.endpoints.service-project-us-dev-3f0c.cloud.goog?app=drilling-simulator&drillSimFile=https://raw.githubusercontent.com/endeavortechnologies/modulesAndSaves/main/WEATHERFORD_WFT_4_TAPERED.dsts, undefined"
"https://broker.endpoints.service-project-us-prod-1a95.cloud.goog?app=drilling-simulator&drillSimFile=https://raw.githubusercontent.com/endeavortechnologies/modulesAndSaves/main/WEATHERFORD_WFT_4_TAPERED.dsts, https://broker.endpoints.service-project-us-dev-3f0c.cloud.goog?app=drilling-simulator&drillSimFile=https://raw.githubusercontent.com/endeavortechnologies/modulesAndSaves/main/WEATHERFORD_WFT_4_TAPERED.dsts, undefined"
"https://broker.endpoints.service-project-us-prod-1a95.cloud.goog?app=drilling-simulator&drillSimFile=https://raw.githubusercontent.com/endeavortechnologies/modulesAndSaves/main/WEATHERFORD_WFT_4_TAPERED.dsts, https://broker.endpoints.service-project-us-dev-3f0c.cloud.goog?app=drilling-simulator&drillSimFile=https://raw.githubusercontent.com/endeavortechnologies/modulesAndSaves/main/WEATHERFORD_WFT_4_TAPERED.dsts, undefined"
"https://broker.endpoints.service-project-us-prod-1a95.cloud.goog?app=drilling-simulator&drillSimFile=https://raw.githubusercontent.com/endeavortechnologies/modulesAndSaves/main/WEATHERFORD_WFT_4_TAPERED.dsts, https://broker.endpoints.service-project-us-dev-3f0c.cloud.goog?app=drilling-simulator&drillSimFile=https://raw.githubusercontent.com/endeavortechnologies/modulesAndSaves/main/WEATHERFORD_WFT_4_TAPERED.dsts, undefined"
"https://broker.endpoints.service-project-us-prod-1a95.cloud.goog?app=drilling-simulator&drillSimFile=https://raw.githubusercontent.com/endeavortechnologies/modulesAndSaves/main/WEATHERFORD_WFT_4_TAPERED.dsts, https://broker.endpoints.service-project-us-dev-3f0c.cloud.goog?app=drilling-simulator&drillSimFile=https://raw.githubusercontent.com/endeavortechnologies/modulesAndSaves/main/WEATHERFORD_WFT_4_TAPERED.dsts, undefined"
"https://broker.endpoints.service-project-us-prod-1a95.cloud.goog?app=drilling-simulator&drillSimFile=https://raw.githubusercontent.com/endeavortechnologies/modulesAndSaves/main/WEATHERFORD_WFT_4_TAPERED.dsts, https://broker.endpoints.service-project-us-dev-3f0c.cloud.goog?app=drilling-simulator&drillSimFile=https://raw.githubusercontent.com/endeavortechnologies/modulesAndSaves/main/WEATHERFORD_WFT_4_TAPERED.dsts, undefined"
"https://broker.endpoints.service-project-us-prod-1a95.cloud.goog?app=drilling-simulator&drillSimFile=https://raw.githubusercontent.com/endeavortechnologies/modulesAndSaves/main/WEATHERFORD_WFT_4_TAPERED.dsts, https://broker.endpoints.service-project-us-dev-3f0c.cloud.goog?app=drilling-simulator&drillSimFile=https://raw.githubusercontent.com/endeavortechnologies/modulesAndSaves/main/WEATHERFORD_WFT_4_TAPERED.dsts, undefined"
"https://broker.endpoints.service-project-us-prod-1a95.cloud.goog?app=drilling-simulator&drillSimFile=https://raw.githubusercontent.com/endeavortechnologies/modulesAndSaves/main/WEATHERFORD_WFT_4_TAPERED.dsts, https://broker.endpoints.service-project-us-dev-3f0c.cloud.goog?app=drilling-simulator&drillSimFile=https://raw.githubusercontent.com/endeavortechnologies/modulesAndSaves/main/WEATHERFORD_WFT_4_TAPERED.dsts, undefined"
"https://broker.endpoints.service-project-us-prod-1a95.cloud.goog?app=drilling-simulator&drillSimFile=https://raw.githubusercontent.com/endeavortechnologies/modulesAndSaves/main/WEATHERFORD_WFT_4_TAPERED.dsts, https://broker.endpoints.service-project-us-dev-3f0c.cloud.goog?app=drilling-simulator&drillSimFile=https://raw.githubusercontent.com/endeavortechnologies/modulesAndSaves/main/WEATHERFORD_WFT_4_TAPERED.dsts, undefined"
"https://broker.endpoints.service-project-us-prod-1a95.cloud.goog?app=drilling-simulator&drillSimFile=https://raw.githubusercontent.com/endeavortechnologies/modulesAndSaves/main/WEATHERFORD_WFT_4_TAPERED.dsts, https://broker.endpoints.service-project-us-dev-3f0c.cloud.goog?app=drilling-simulator&drillSimFile=https://raw.githubusercontent.com/endeavortechnologies/modulesAndSaves/main/WEATHERFORD_WFT_4_TAPERED.dsts, undefined"
"https://broker.endpoints.service-project-us-prod-1a95.cloud.goog?app=drilling-simulator&drillSimFile=https://raw.githubusercontent.com/endeavortechnologies/modulesAndSaves/main/WEATHERFORD_WFT_4_TAPERED.dsts, https://broker.endpoints.service-project-us-dev-3f0c.cloud.goog?app=drilling-simulator&drillSimFile=https://raw.githubusercontent.com/endeavortechnologies/modulesAndSaves/main/WEATHERFORD_WFT_4_TAPERED.dsts, undefined"
"https://broker.endpoints.service-project-us-prod-1a95.cloud.goog?app=drilling-simulator&drillSimFile=https://raw.githubusercontent.com/endeavortechnologies/modulesAndSaves/main/WEATHERFORD_WFT_4_TAPERED.dsts, https://broker.endpoints.service-project-us-dev-3f0c.cloud.goog?app=drilling-simulator&drillSimFile=https://raw.githubusercontent.com/endeavortechnologies/modulesAndSaves/main/WEATHERFORD_WFT_4_TAPERED.dsts, undefined"
"https://broker.endpoints.service-project-us-prod-1a95.cloud.goog?app=drilling-simulator&drillSimFile=https://raw.githubusercontent.com/endeavortechnologies/modulesAndSaves/main/WEATHERFORD_WFT_4_TAPERED.dsts, https://broker.endpoints.service-project-us-dev-3f0c.cloud.goog?app=drilling-simulator&drillSimFile=https://raw.githubusercontent.com/endeavortechnologies/modulesAndSaves/main/WEATHERFORD_WFT_4_TAPERED.dsts, undefined"
"https://broker.endpoints.service-project-us-prod-1a95.cloud.goog?app=drilling-simulator&drillSimFile=https://raw.githubusercontent.com/endeavortechnologies/modulesAndSaves/main/WEATHERFORD_WFT_4_TAPERED.dsts, https://broker.endpoints.service-project-us-dev-3f0c.cloud.goog?app=drilling-simulator&drillSimFile=https://raw.githubusercontent.com/endeavortechnologies/modulesAndSaves/main/WEATHERFORD_WFT_4_TAPERED.dsts, undefined"
"https://broker.endpoints.service-project-us-prod-1a95.cloud.goog?app=drilling-simulator&drillSimFile=https://raw.githubusercontent.com/endeavortechnologies/modulesAndSaves/main/WEATHERFORD_WFT_4_TAPERED.dsts, https://broker.endpoints.service-project-us-dev-3f0c.cloud.goog?app=drilling-simulator&drillSimFile=https://raw.githubusercontent.com/endeavortechnologies/modulesAndSaves/main/WEATHERFORD_WFT_4_TAPERED.dsts, undefined"
"https://broker.endpoints.service-project-us-prod-1a95.cloud.goog?app=drilling-simulator&drillSimFile=https://raw.githubusercontent.com/endeavortechnologies/modulesAndSaves/main/WEATHERFORD_WFT_4_TAPERED.dsts, https://broker.endpoints.service-project-us-dev-3f0c.cloud.goog?app=drilling-simulator&drillSimFile=https://raw.githubusercontent.com/endeavortechnologies/modulesAndSaves/main/WEATHERFORD_WFT_4_TAPERED.dsts, undefined"
"https://broker.endpoints.service-project-us-prod-1a95.cloud.goog?app=drilling-simulator&drillSimFile=https://raw.githubusercontent.com/endeavortechnologies/modulesAndSaves/main/WEATHERFORD_WFT_4_TAPERED.dsts, https://broker.endpoints.service-project-us-dev-3f0c.cloud.goog?app=drilling-simulator&drillSimFile=https://raw.githubusercontent.com/endeavortechnologies/modulesAndSaves/main/WEATHERFORD_WFT_4_TAPERED.dsts, undefined"
"https://broker.endpoints.service-project-us-prod-1a95.cloud.goog?app=drilling-simulator&drillSimFile=https://raw.githubusercontent.com/endeavortechnologies/modulesAndSaves/main/WEATHERFORD_WFT_4_TAPERED.dsts, https://broker.endpoints.service-project-us-dev-3f0c.cloud.goog?app=drilling-simulator&drillSimFile=https://raw.githubusercontent.com/endeavortechnologies/modulesAndSaves/main/WEATHERFORD_WFT_4_TAPERED.dsts, undefined"
"https://broker.endpoints.service-project-us-prod-1a95.cloud.goog?app=drilling-simulator&drillSimFile=https://raw.githubusercontent.com/endeavortechnologies/modulesAndSaves/main/WEATHERFORD_WFT_4_TAPERED.dsts, https://broker.endpoints.service-project-us-dev-3f0c.cloud.goog?app=drilling-simulator&drillSimFile=https://raw.githubusercontent.com/endeavortechnologies/modulesAndSaves/main/WEATHERFORD_WFT_4_TAPERED.dsts, undefined"
"https://broker.endpoints.service-project-us-prod-1a95.cloud.goog?app=drilling-simulator&drillSimFile=https://raw.githubusercontent.com/endeavortechnologies/modulesAndSaves/main/WEATHERFORD_WFT_4_TAPERED.dsts, https://broker.endpoints.service-project-us-dev-3f0c.cloud.goog?app=drilling-simulator&drillSimFile=https://raw.githubusercontent.com/endeavortechnologies/modulesAndSaves/main/WEATHERFORD_WFT_4_TAPERED.dsts, undefined"
"https://broker.endpoints.service-project-us-prod-1a95.cloud.goog?app=drilling-simulator&drillSimFile=https://raw.githubusercontent.com/endeavortechnologies/modulesAndSaves/main/WEATHERFORD_WFT_4_TAPERED.dsts, https://broker.endpoints.service-project-us-dev-3f0c.cloud.goog?app=drilling-simulator&drillSimFile=https://raw.githubusercontent.com/endeavortechnologies/modulesAndSaves/main/WEATHERFORD_WFT_4_TAPERED.dsts, undefined"
"https://broker.endpoints.service-project-us-prod-1a95.cloud.goog?app=drilling-simulator&drillSimFile=https://raw.githubusercontent.com/endeavortechnologies/modulesAndSaves/main/WEATHERFORD_WFT_4_TAPERED.dsts, https://broker.endpoints.service-project-us-dev-3f0c.cloud.goog?app=drilling-simulator&drillSimFile=https://raw.githubusercontent.com/endeavortechnologies/modulesAndSaves/main/WEATHERFORD_WFT_4_TAPERED.dsts, undefined"
"https://broker.endpoints.service-project-us-prod-1a95.cloud.goog?app=drilling-simulator&drillSimFile=https://raw.githubusercontent.com/endeavortechnologies/modulesAndSaves/main/WEATHERFORD_WFT_4_TAPERED.dsts, https://broker.endpoints.service-project-us-dev-3f0c.cloud.goog?app=drilling-simulator&drillSimFile=https://raw.githubusercontent.com/endeavortechnologies/modulesAndSaves/main/WEATHERFORD_WFT_4_TAPERED.dsts, undefined"
"https://broker.endpoints.service-project-us-prod-1a95.cloud.goog?app=drilling-simulator&drillSimFile=https://raw.githubusercontent.com/endeavortechnologies/modulesAndSaves/main/WEATHERFORD_WFT_4_TAPERED.dsts, https://broker.endpoints.service-project-us-dev-3f0c.cloud.goog?app=drilling-simulator&drillSimFile=https://raw.githubusercontent.com/endeavortechnologies/modulesAndSaves/main/WEATHERFORD_WFT_4_TAPERED.dsts, undefined"
"https://broker.endpoints.service-project-us-prod-1a95.cloud.goog?app=drilling-simulator&drillSimFile=https://raw.githubusercontent.com/endeavortechnologies/modulesAndSaves/main/WEATHERFORD_WFT_4_TAPERED.dsts, https://broker.endpoints.service-project-us-dev-3f0c.cloud.goog?app=drilling-simulator&drillSimFile=https://raw.githubusercontent.com/endeavortechnologies/modulesAndSaves/main/WEATHERFORD_WFT_4_TAPERED.dsts, undefined"
"https://broker.endpoints.service-project-us-prod-1a95.cloud.goog?app=drilling-simulator&drillSimFile=https://raw.githubusercontent.com/endeavortechnologies/modulesAndSaves/main/WEATHERFORD_WFT_4_TAPERED.dsts, https://broker.endpoints.service-project-us-dev-3f0c.cloud.goog?app=drilling-simulator&drillSimFile=https://raw.githubusercontent.com/endeavortechnologies/modulesAndSaves/main/WEATHERFORD_WFT_4_TAPERED.dsts, undefined"
"https://broker.endpoints.service-project-us-prod-1a95.cloud.goog?app=drilling-simulator&drillSimFile=https://raw.githubusercontent.com/endeavortechnologies/modulesAndSaves/main/WEATHERFORD_WFT_4_TAPERED.dsts, https://broker.endpoints.service-project-us-dev-3f0c.cloud.goog?app=drilling-simulator&drillSimFile=https://raw.githubusercontent.com/endeavortechnologies/modulesAndSaves/main/WEATHERFORD_WFT_4_TAPERED.dsts, undefined"
"https://broker.endpoints.service-project-us-prod-1a95.cloud.goog?app=drilling-simulator&drillSimFile=https://raw.githubusercontent.com/endeavortechnologies/modulesAndSaves/main/WEATHERFORD_WFT_4_TAPERED.dsts, https://broker.endpoints.service-project-us-dev-3f0c.cloud.goog?app=drilling-simulator&drillSimFile=https://raw.githubusercontent.com/endeavortechnologies/modulesAndSaves/main/WEATHERFORD_WFT_4_TAPERED.dsts, undefined"
"https://broker.endpoints.service-project-us-prod-1a95.cloud.goog?app=drilling-simulator&drillSimFile=https://raw.githubusercontent.com/endeavortechnologies/modulesAndSaves/main/WEATHERFORD_WFT_4_TAPERED.dsts, https://broker.endpoints.service-project-us-dev-3f0c.cloud.goog?app=drilling-simulator&drillSimFile=https://raw.githubusercontent.com/endeavortechnologies/modulesAndSaves/main/WEATHERFORD_WFT_4_TAPERED.dsts, undefined"
"https://broker.endpoints.service-project-us-prod-1a95.cloud.goog?app=drilling-simulator&drillSimFile=https://raw.githubusercontent.com/endeavortechnologies/modulesAndSaves/main/WEATHERFORD_WFT_4_TAPERED.dsts, https://broker.endpoints.service-project-us-dev-3f0c.cloud.goog?app=drilling-simulator&drillSimFile=https://raw.githubusercontent.com/endeavortechnologies/modulesAndSaves/main/WEATHERFORD_WFT_4_TAPERED.dsts, undefined"
"https://broker.endpoints.service-project-us-prod-1a95.cloud.goog?app=drilling-simulator&drillSimFile=https://raw.githubusercontent.com/endeavortechnologies/modulesAndSaves/main/WEATHERFORD_WFT_4_TAPERED.dsts, https://broker.endpoints.service-project-us-dev-3f0c.cloud.goog?app=drilling-simulator&drillSimFile=https://raw.githubusercontent.com/endeavortechnologies/modulesAndSaves/main/WEATHERFORD_WFT_4_TAPERED.dsts, undefined"
